lon,lat,radius_lon,radius_lat,count,neighbors
109.90,20.86,0.87,0.81,210,"G2484,G7418,GG211,GG203,GG213,G7474,GG207,G7416,G2416,G7414,G7510,GG205,G7412,GG217,G2487,GG215,G7419,59750,G2402,GG214,G2481,G7413,GG317,GG209,G7434,GG210,G7524,G7415,G2480,G2477,GG312,G7475,G2489,G2405,G7525,GG212,GG202,GG216,G2486,G2482,G7431,GG201,G2426,GG309,G7473,G2470,GG208,G7417,GG310,G2485,G2475,G7513,G7411,G7537,G7536,G7439,G7410,G2471,GG218,G7534,G7535,GG204,G7430,GG302,GG206,GG313,G7436,G2488,G7432,G2483,G7422,G2472,GG304,G7517,G7516,G7531,GG219,GG314,GG012,G7440,GG101,GG010,G7443,GG106,G2400,GG301,GG315,G7433,G7542,GG011,59658,G7445,G2476,GG316,GG107,GG305,GG318,G2446,G7441,GG002,GG308,GG104,G7447,G7423,GG111,GG103,G2408,G2409,GG001,G2444,GG003,G2474,G2473,59755,G2425,GG007,G2422,G2404,G7444,G7544,G2410,G2411,GG306,G7491,GG006,59657,G7548,G2420,GG307,59759,G2441,G2421,GG109,G7522,G7523,G2414,G2415,GG110,G7541,G2442,G7490,G2478,GG102,G2401,59751,G2462,GG105,G7442,G2479,G7472,G7566,G7565,GG108,G2423,G7468,59650,G7521,G7460,G2413,G2412,G7532,G2440,G7571,G7570,G7446,G2449,G7540,G2424,GG303,G7448,59754,G7543,G7471,G7435,G7461,G2443,GG415,G7438,GG311,G2427,G7437,G2448,GG405,G2445,G2447,GG408,G7470,G7567,G7467,G2428,GG412,GG414,GG004,G7420,GG005,G2468,G7457,G7421,G2466,G7465,G7458,G2406,G2403,GG413,G2460,GG411,GG421,GG013,GG416,GG503"
109.90,21.71,0.87,0.81,221,"GG404,GG403,GG411,GG413,G2466,G2467,GG410,G2464,GG412,G7470,G7465,GG406,GG405,GG402,GG415,G2468,GG409,G7567,G7461,G7471,G7466,GG407,G7463,G7468,GG421,G7565,G7566,GG417,GG418,G7460,G2462,G7472,G7464,G2474,GG419,G2465,G7467,GG306,G7563,G7462,G2463,GG416,GG308,GG307,59654,GG315,G7433,GG318,GG316,G7560,G7438,G2473,G7435,G7469,GG401,GG301,GG408,G2461,GG305,G2404,59650,G7432,G7532,G2479,G2472,G7820,GK213,G2407,GG311,G7829,G7439,G7821,G2475,GK218,GG304,GK215,GG414,G7534,G7535,GG314,GG420,G2471,G2460,GG303,G2476,G7436,GG001,G2552,G2478,G2400,G2551,GK205,GG309,GG310,G7537,G7536,GK224,G7437,GK214,G7531,GK226,G2554,G2505,G7828,GG007,G2557,GK225,G2425,G2470,GG313,GG212,G7431,GG011,G7824,G2421,G2428,G7830,G7822,G7473,GG006,GG005,G7456,G2550,GK202,GK212,GK209,GK207,GK223,G7814,GG012,GK206,G7813,GG302,G2480,GK211,G2413,G2412,G7434,G7812,59655,GK204,G7430,GG003,GG317,G7701,G7827,G7521,GG010,G7819,GK220,G7831,G2423,GK217,G2405,59658,G2553,G7421,G7816,GK222,G7815,GG214,G7826,GK201,G7966,G2420,G7423,G7491,GG002,G2477,G2402,G2426,G2455,G2410,G2411,G7490,GG312,G2427,GK219,G2409,G2408,GK210,GK421,G7457,GG215,GK402,G7823,G2451,G2558,GK416,GK221,G2555,GG013,59657,G2556,G7415,G7453,G7865,GG210,59750,G7414,GG503,G7458,G7869,GK216,GG211,G2528,G7918,G7825,G7817,GK419,G7451,GK208,G2458,G7818,G2526,GK406,G7510,G2452,G7857,GK002,GK401"
110.80,20.86,0.87,0.81,213,"G2401,59751,G2424,G7522,G7523,G2414,G2415,G2422,GG004,59755,G2403,G2406,G7420,G7541,G2483,GG219,G7459,59657,G7446,G7422,G2446,G7444,G7516,G7517,G7458,G2409,G2408,G7513,G7411,G7490,G2411,G2410,G2447,G2445,GG503,G2427,G7457,GG013,G2457,G7491,G2420,GG504,G7423,G2451,GG002,GG107,G7552,G7553,G2423,G2450,G7521,G2443,G7454,GG003,G2488,59656,GG506,GG109,59658,G2413,G2412,G7421,GG010,GG101,GG216,G2444,GG202,G2453,G7525,G7550,G2459,G7921,GG006,G7455,G2455,G2456,G2482,G2421,GG505,G2458,G2518,G7524,GG012,GG507,G7430,GG102,G7453,G2426,GG218,G7735,G7736,G2428,G7442,GG005,GG501,G2425,GG011,GG502,GG302,G7443,GG007,G2508,G7415,GG104,GK806,GK811,G7544,G2481,G2448,G7437,G2454,G2549,G2478,GK211,G7456,G7451,G7419,G7441,G2489,G7540,G7737,G7738,GG001,GK003,G7817,G7721,GG206,GG313,GG217,59750,G7966,GG303,G7531,G7416,G2513,G2400,GK222,G7732,G7731,G7473,59664,GG110,G2405,G7510,G2544,G7815,G2476,G7712,G7719,G7412,GG414,G7440,G7734,G7733,GG311,G2452,GG215,GG103,G7916,G7474,G2479,G7532,G7410,G2542,G2548,G2470,G2460,G7823,G2486,59650,G7814,GG314,G2402,G7969,GK217,G2416,G2404,G7729,G7730,G7722,59665,G2543,G7436,GG204,G2554,G2545,G7915,GG420,G7447,GG304,GK221,G2517,G7548,G2480,GK210,G7435,GG408,GK001,G2441,GG108,G7716,G7418,GG214,G7438,G2440,G7723,G2473,G7917,G2449,G2507,G7475,G7831,G2509"
110.80,21.71,0.87,0.81,441,"G7913,GK002,G7914,G7912,G7825,GK413,G7869,GK001,G7918,G2517,G2510,G7919,59659,G2509,G7859,GK416,GK221,G7857,GK210,G2452,G2515,G7915,G2507,G7823,G7863,G7816,G7865,G2513,G2516,G7860,GK421,GK220,G7701,G7916,G7831,59655,G7817,G2454,GK423,G7451,GK407,G7917,G2528,G2529,G7864,GK419,G7904,G7907,G2504,GK806,GK217,GK811,GK422,GG501,G7822,GK212,GG502,GK401,59653,G7815,GG507,G7819,59664,GK808,G7824,G7813,GK402,GK222,G7908,G7966,G2506,GG505,G7455,GK425,GK414,GK802,GK406,GK225,G2571,G7814,G7906,G2508,G2458,G2518,G7453,G7861,G2459,GK427,GK226,G2549,G7550,G2557,GK424,G7719,G7723,G7713,GK417,G7969,GK224,G2453,G7862,G2526,G2544,G7909,G7720,G2551,G2456,GK807,59656,G7812,GK400,GK214,G2527,G7715,GK804,G7454,GK420,GG506,G2554,G7921,G2450,G7553,G7552,G7712,GK211,GK415,G7735,G7736,GK432,GK223,GK218,G7737,G7738,GK803,G2570,G7900,G2541,G2455,G2546,G2552,GK215,G7821,G7829,GK436,G7456,G7853,GK426,GG504,GK213,G2457,GK003,G7866,GK209,GK216,G2555,G2545,GK412,G7868,G2524,G2501,G2553,GK204,G7721,GK201,G2407,GK409,GG420,GK202,G7820,G7828,GK403,G7902,GK208,G2451,G7732,G7731,GG401,G2556,GK434,G7711,GG503,GK805,G2460,GG005,G7722,GG013,G7851,G7714,G7421,G2522,G7811,G7716,G7560,GK408,G2558,G7867,G7459,G7910,G7818,G7967,G7729,G7730,GK203,GK405,G7457,G7469,G2548,G7827,G2542,G2520,GK433,59654,G7726,G7458,G7462,G2428,GK205,G7858,G2461,G7727,GK404,GK206,GG414,G2505,G2463,GK219,GK418,G7437,GK430,G2403,G2406,GG416,GK429,G7725,G7563,G7717,G2530,G2572,G7420,GK431,G2465,G7903,G7733,G7734,G2521,GK435,G2427,G2550,G7718,GG408,GK615,G7724,G7854,GG419,GG311,GK810,G2547,GK809,GK611,GG004,G2543,59665,GQ025,G2525,GG303,G7852,G2523,G2412,G2413,G2540,GQ016,G7905,G7521,G2561,G7354,GK801,G7438,G7532,G7435,G2423,GQ024,G7920,G7464,G2370,GK616,GK207,GK428,G7467,G2335,G2336,G7826,GQ030,G7350,G7349,G2478,59650,GG421,G7962,G2573,G2537,GK410,G2421,G2479,G2340,G7922,GG407,GG418,G7762,GG006,G7490,G7856,G7132,GK621,G7830,G7463,G7740,G7739,G2420,G7133,G7491,G7466,G2350,59456,G2569,G2574,G2369,G7314,G7315,G2410,G2411,G2332,GG417,GG007,G2425,G2532,59657,G2424,GG003,GG402,G2563,G7754,G2565,GG001,G2564,G2575,G2539,G2404,GQ049,G7423,G2503,G2576,GK609,GK617,G7332,G2408,G2409,GK411,GQ057,GQ053,GG409,G2566,G2568,G2567,G7763,GG307,G7356,GG002,G7855,G2415,G2414,GK601,G7322,GK619,GK608,GQ026,GQ022,GQ027,G2473,G7465,GG410,G7334,G7333,GK612,GQ029,G2366,G7522,G7523,GG011,G7460,GK607,59658,G2422,G7472,GG406,G2467,G2538,G7901,G2476,G2333,GG010,G2368,G2346,G2400,G7355,GG306,GQ054,G2337,G2401,59751,G7767,G2464,G7961,G2331,G2364,G7760,G7761,GG012,G2462,G7757,GG403,G7471,GQ028,G7531,GG305,GG404,G2560,GQ015,GG411,GK604,GG314,GK620,G7768,GG308,G7968,G7131,59669,G2534,GG313,GG304,GG302,G2533"
110.80,22.57,0.88,0.81,247,"GK606,G2533,GK618,G7760,G7759,G7761,G7767,GK605,G7764,G7968,GK617,G2538,G7754,GK601,GK612,G7758,GK619,G2537,G2534,59456,G2569,GK616,GK609,G2539,GK604,G2531,G2562,G7762,G7962,GK611,G7765,G2561,G3078,GK614,G7763,GW610,GK429,G2521,GK608,G3097,G9243,G2530,GK615,GK602,GK430,G3047,GK603,GK621,GW611,G7858,G2532,GK433,G7903,GK405,G7961,G7755,G7769,G7852,G7867,GK431,G7902,G2563,GK203,G3055,GK404,GK607,G2564,G7811,G2560,G7818,G2566,G2522,G2567,G2565,G2568,G3058,G7868,GK412,G2573,G2523,GK208,G2576,G3095,G3046,GK610,GK436,GK219,G2575,G7960,G3094,G2558,G2574,GK428,G7757,G2556,G2570,GK620,GK426,G2572,G7826,GK408,G3079,GK216,GK415,GW615,G2536,G9240,G2555,GW608,GK432,GK434,G2520,G7905,GK435,G2524,G7855,G7856,G7827,G7901,GW603,GK207,G2526,GK201,G3048,G7861,GW609,GK206,G2550,G3043,G2553,G7830,G7851,G7906,G7862,G3056,G3057,G3044,G2535,GK420,G7908,G2503,GK406,GW607,GK204,GK613,GK411,GK410,G7910,G7768,G7909,GW605,GW621,GK409,G3092,59653,GW617,G2525,G7766,GK401,GK202,G3075,G7900,GW604,G2529,G2505,GK402,GK407,G7907,GK209,GK419,G2528,GQ043,G7853,G7322,G2571,G7812,G7904,G3052,G7854,G3054,G7963,GK223,GK205,G7860,G2363,G9462,G7828,GW616,G2350,GK400,GQ044,G2527,G3051,GW602,GW601,GK427,G2502,G7865,G3090,G9242,G2364,G7864,GK418,GK421,G7819,G7356,G3091,G3059,G3053,G7857,GK414,59462,G3040,G7859,G3042,GK417,G3034,G3081,GW620,GQ057,G7813,GK403,G7866,G3098,G3035,G3077,G7756,GW606,GK425,GK416,G3089,GQ049,G2552,GK413,G7714,GW405,G7967,G7726,GK214,G3083,GK424,G7355,G2504,GW600,G2546,G7863,G2348"
111.70,21.71,0.87,0.81,340,"GQ021,G2330,G2334,G7190,G2311,G2331,GQ023,G2314,G2368,GQ014,GQ001,G7331,GQ028,G2337,GQ027,GQ003,G2333,GQ013,G2309,GQ053,GQ004,GQ054,GQ022,G2304,G7336,G7335,GQ002,GQ029,G2308,G7131,59669,G7133,G2310,G7332,GQ018,GQ026,G2366,G7315,G7314,G7317,G2305,G7333,G7334,G7132,G2336,G7319,G7320,GQ047,G2343,GQ008,G2317,GQ024,G2370,GQ055,GQ040,G7349,G7350,G2335,GQ052,G2332,GK801,GQ030,G2307,GQ046,GQ038,59663,GQ025,G2369,G7316,G7328,GQ015,G7740,G7739,G2547,GQ036,GK809,G2328,GQ011,G7312,GK810,GQ020,G7725,G2540,G2326,G7724,G2352,GQ050,G2325,GQ016,G7922,G2306,G7717,G2340,G7920,G7727,G7718,GQ058,G2367,G2338,G7354,G2319,G7321,G2346,GQ059,GQ009,G2318,GQ049,GQ006,G2351,G7355,GQ010,G2323,GQ005,G7711,59469,GQ057,G7141,G7726,GK805,GQ007,59665,G2543,G2322,GQ039,G7967,G2501,G7144,G7353,G7311,G7714,GQ045,G7716,G7351,G7352,G7356,G7733,G7734,GQ035,GQ051,G7730,G7729,GQ060,G2541,G2320,GK418,G7722,GQ017,G2548,G2542,GQ041,G2350,GK403,G2364,GK803,G2360,G2545,G7142,G7854,G2546,G7866,G2359,GQ037,GK807,G7715,G7322,GK804,G7720,G7713,G7732,G7731,G2348,GQ019,G2321,G2525,GK802,GK410,G7723,GK424,G7721,G2327,G6652,GK411,G2506,GJ200,GJ206,GJ201,G6658,GQ031,G7712,GK003,G2161,G7969,GK417,GQ044,G6645,G2503,G2362,GK425,GQ012,G7910,GK808,G6659,G2167,G7853,G2347,G2527,G7737,G7738,GK422,G6648,G2544,GK400,GK409,G6655,G7856,G7719,G2185,G2354,GK414,G7768,G6527,G2363,GK427,G7851,G2504,G2344,G7905,G6611,G7855,GK435,G7900,GK423,GQ043,G7917,G7901,G2160,G6643,GQ056,G2516,GJ202,G2520,59664,GK613,G2549,G6592,GQ032,G7735,G7736,G6646,G6649,GK428,G7863,G2571,G2574,G2572,G6640,G2105,GK434,G6651,G7864,G2575,G7766,G6705,G6701,G6745,G2535,G2576,G2573,G6653,G2507,G2515,G2523,G7909,G2524,GK420,G7916,G6519,G6642,G6528,G2353,G7757,G2565,G2568,GK408,59659,G2508,G2509,G2567,59477,G7921,G6564,G7915,G2566,G2156,GK620,G7756,G2564,G7919,G2510,G2456,G2563,G7862,G2342,GK607,G6514,G2502,G7904,G7143,G6512,G2365,G6516,G3057,GQ048,G6513,GK811,G2560,G6647,G7852,G2518,G7859,G2163,G6522,GK404,G2168,G2513,GK431,G6535,G2372,G2180,G6699,GK432,G7914,GK806,G2522,G6515,G2532,G7906,GG506,G6747,G7907"
111.70,22.57,0.88,0.81,518,"G3045,GW606,GW619,G3077,G3042,GQ048,GW620,GQ033,G2372,G3090,GW618,GQ042,G7756,G2345,G3051,G3076,G7963,GW616,GW106,G2502,59462,GQ032,G3093,G3040,GW105,G3099,G3041,G3096,G3054,G3075,GW602,GW601,GW605,GW612,G2355,G2353,G2344,GQ034,GW613,G3023,GW600,GW607,G3052,G3059,G3098,G3056,GW100,GW621,G3091,GW614,G3043,G3022,GW409,G3053,G3083,G2342,G2362,G3026,GW101,G3048,GW107,G9242,G7143,GW104,G3092,G3070,G3057,G2354,GQ031,GQ056,G3028,G9263,G3014,GW102,G7766,G3086,GW103,GW411,GW609,G2347,GW608,GW615,G9221,GQ043,G2363,G3064,GW205,G3089,G2348,G2536,G2365,G2535,GQ037,G3084,G3094,G3095,GK613,GW408,G3071,GQ044,G9240,GW617,GW407,G3079,G7960,G3058,GW203,GQ041,G3031,GW412,G3018,GK610,G3034,G3044,GW215,GQ035,G7351,G3046,GQ060,GW204,G3020,GQ045,G3055,G3017,GQ017,G7768,G7352,GW108,G3061,G3003,G3016,G3024,G3087,GW217,GW211,G7769,G7353,GW603,G7142,G3082,G7144,GW604,GK620,G3025,G3067,GW206,G7755,G9207,G7141,G3088,59469,G2351,G6651,G9260,GW213,G3027,G7757,GW202,G2560,GW414,G3013,G9203,G2364,GW210,GQ059,G3004,G7901,GK602,GK603,G3063,G3081,G9462,G6516,GW410,G9204,G9206,GQ058,GW218,G3047,GW002,G9200,GK614,G6650,G9265,G9362,G9261,GW207,G7322,G9264,G7855,G3010,G9243,59470,59471,GW611,G3078,GK607,GK411,G2367,G3068,G7765,G2503,GW003,G7961,G9360,G3062,G2306,G7355,G9262,G7356,GW001,G6699,G2568,G3097,G3073,G3060,G6640,G2567,G2576,G6645,G2566,G3012,GQ050,G2168,G3015,GW610,G2575,G2352,G2346,G9201,G2531,G9363,G2562,GW004,G6658,G3037,GQ057,GJ201,G2565,G2564,GQ005,G2323,GQ036,G3033,G6621,GW216,GQ006,G2574,G3032,G3021,G2563,G6531,GQ038,GK604,GQ046,G2350,G8160,G7856,G9209,59477,G6564,GQ049,G3005,GW415,GW110,G2163,G3072,G9268,G2640,G9267,GQ011,GQ015,GK608,GJ504,G2319,GK410,G3069,G3038,G3074,G3066,G3035,GW214,G8168,G8148,59269,G3006,G9467,G8164,GW405,G2534,G2175,GQ007,G7763,G6642,G2573,G7758,G2532,G2343,G8162,G8161,G3007,GQ047,GW413,GQ040,G2161,GK428,G3030,G8152,GW212,G3065,G3001,G6641,G2317,G6514,GJ200,G6659,GJ506,G8165,G9361,GW109,GJ206,G7905,G8153,G9463,G8271,G2164,G2645,GK621,G2525,G6747,GW209,G8229,GQ039,GW208,G8174,GW406,G6637,G8173,G2109,G2523,G6515,GK435,G6649,G7854,G7764,G8275,G6648,G2107,G8236,G3002,G7056,GK609,G6519,GH302,G7035,G3085,G7968,GK619,G8158,G8169,G8163,G3080,G6647,G2328,G2340,G2214,G2539,GK605,G2165,G2366,G9461,GW404,G6510,G6745,G2572,G7852,G6625,GQ013,GE305,G6644,GW200,G9460,GW401,G2308,GK612,59268,G8150,G2327,G2162,G8103,G6622,G7354,G8249,G2167,G3011,G2538,G8176,G7031,G6656,G8262,G6652,G2663,GQ054,G7762,G8183,G2322,G8181,GK418,GJ204,G8182,GQ052,G2166,G8251,G6657,G2318,GK601,G7028,GW402,G7962,G6643,GJ205,G7331,GJ203,G3036,GW201,GQ019,G8230,G2642,GQ022,G2520,GK431,G7761,G8166,G2569,G9220,G6620,G7759,G6512,GQ014,G8282,G7910,G8170,G2333,GE304,G6511,G6504,G7312,59456,G2307,GQ018,GQ016,G2326,GQ020,G6626,G2644,G7054,G7903,G7851,G6513,G2631,G6506,GK404,G2114,G2668,G8137,G6655,G8256,G8260,G7315,G7314,G8171,G8149,59663,G2561,G8167,G8151,GK408,GK615,GK434,GQ023,G7034,G2646,G8136,G8235,G8284,G7021,G7726,G2160,GW403,G8180,GQ053,G7349,G7350,G8126,GQ055,G8115,GK409,G8175,G2641,G2172,GK618,G6535,G8270,GE306,G8273,G7967,G2330,G7050,GQ051,G7724,G7030,G8114,G8252,G2156,G8246,G7714,G8224,G8101"
111.70,23.43,0.88,0.81,334,"G8135,G8105,G8141,G8140,G8139,GH303,G2633,GH300,GH306,G8101,G2641,G8136,G8129,G8128,G8114,G8102,G8118,G8123,G8183,G8151,G8126,G8133,G8122,G8130,59264,G8137,G8113,G8125,G2630,G2632,G8119,G2634,G8103,G8150,G8124,G8112,G8163,G8174,G8170,G8106,GH302,G8134,G8107,59268,G8109,GH301,G8158,G8175,G9460,G8152,G2631,G9461,G8157,G8173,G8176,G3080,G8162,G8117,G8168,G8115,G2642,G8127,GW401,G8148,GW402,G2640,GW415,G8116,GW413,G8159,GW403,G8171,GW406,G8035,G8160,G8161,59269,GH305,GW404,G8131,G8164,G9467,G3036,G3033,G3032,G3038,G2635,G8178,G3085,G8034,G3030,G8024,G8138,G8153,G3074,G8149,G9463,G8179,G3037,G2643,GH304,G8181,GW410,G2613,G2646,GW414,G8156,GW405,G2611,G8104,G2644,GW110,G8165,G8177,G3035,G8056,G8006,G3072,G8155,G3088,G3087,G8154,G3021,G8180,G3082,G8060,G8081,G3081,G2636,G3031,G3073,G8172,GW412,GW407,G8054,G8225,G8132,G2645,GW109,G8166,G3024,G9462,G8167,G3084,G8276,GW408,G2662,G3034,G8247,G9206,G8016,G8282,G8002,G9204,GW108,G8169,G3086,G3089,GW411,G9200,G8182,G2626,G8261,G9203,G3002,GW004,GW001,G3007,G8001,G8023,G8268,G9220,GW604,G9207,GW003,G2661,G8243,G2622,G3004,G8051,G8004,G8080,G8228,59471,G9201,G8241,GW409,G8283,G8020,G8227,GW101,G8015,GW614,G3026,G3083,GW002,GW100,G8059,G8038,GW102,G8255,G3020,GW600,G2605,G2612,GW103,G8032,G8272,G8039,G3098,G8071,GW612,G9242,G3053,G9209,G8005,G8280,GW617,G8022,G8036,G8055,G8025,G3091,G3096,G3022,G3003,G3044,GW603,G8019,G3005,G3059,G3041,GW613,G8240,59270,G2604,G3025,G8037,G8284,G3099,G8018,G2660,G8074,G8008,G2668,59271,G3070,G8052,G3006,G8065,G8066,G3040,G9221,G8254,G8072,G8239,G8082,G8236,G8235,G8229,G3028,G2684,GW601,G3076,G8076,G3052,G8085,G3027,59462,G2686,GW602,G3093,G8251,G3092,GW107,G8252,G8009,G2696,G2623,G8063,G8062,G8010,G8189,G8070,GW609,GW105,G2691,G8195,G3054,G3071,G8075,G2672,G3001,G8057,G2653,G8249,G8026,GW618,G8196,G9240,G8073,G2699,G8007,G2671,G8014,GW621,G2697,G8232,GW620,G3023,G2666,G2692,G8271,G2675,G2695,G3079,G8275,G8192,G2667,GW104,G3046,GW204,G2679,G8061,G2676,G3090,G8217,G2694,G8077,G3045,G2614,G3012,G8270,GW619"
111.70,24.29,0.89,0.81,158,"G8026,G8027,G8008,G8400,G8407,G8009,G8039,G8003,G2612,G8404,G8405,G8038,G8402,G8015,G2730,G8018,G8418,G8037,G8028,G8431,GR003,G8132,G8413,G2636,G8004,59074,G2614,G8401,G8032,G8406,GR002,G8029,G8408,G8010,G8424,G8409,G8435,G8430,G8104,G8002,G2740,GH304,G8138,G8432,G8415,G8416,G2635,G8023,G8131,G8420,G8011,G2741,G8025,G8425,59270,G8022,G8012,GR052,G8016,G8433,GH305,G8021,G2611,G2731,G8117,G2733,G8429,GR047,G8007,G8410,G2615,G8034,GR055,G8411,G8017,G8107,G8421,G8427,GR046,G8403,G2742,G8030,GR053,G8116,GR054,G8423,GR048,G8006,G2616,G8014,G8020,G8001,GR049,G8130,GR051,G8036,59071,G8024,G8031,G8426,G8106,G8520,G8517,G8338,G8521,GR019,GR014,G2632,G2764,G2757,G8428,G8133,G8422,G8513,G8005,GR013,GR050,G8033,G8035,G8519,G8464,G2763,G2613,G8128,G8019,GR018,G8102,G8123,G8118,G8109,GR005,G8013,G8122,G8460,G8129,G8061,G8070,G2633,G2706,G8060,G8140,G8506,GH303,G8139,G2761,G8525,59075,GH300,G8465,G8072,G8446,GR009,G8462,G8141,GH301,G8125,59072,G2760"
112.60,21.71,0.87,0.81,287,"G6591,G2154,G6522,G6526,G2157,G2122,59673,G6503,G6710,G6590,G6618,59672,G6611,G6709,G2185,G6527,G6592,G2105,G6701,G6705,G6520,G2180,G2153,GQ012,G2359,GJ202,G2360,G2188,G6521,G2321,G6704,G6708,G6608,G6528,G2108,G2320,GJ505,G6529,G2106,G6646,G6773,G6613,G6612,G6523,G6653,G2182,G6703,G6707,G7311,G2186,G2187,G2160,G2156,G6655,G6505,GQ051,GQ010,G2174,G6535,GQ009,G2184,GQ019,G2158,G2152,G6603,G2338,G6607,G6643,G6513,G6652,G2167,G2327,G7321,G6512,G6771,G2181,G6615,G6772,G6624,G6648,G2322,G6525,G6745,G2325,G6649,G2318,G6774,G2151,G6519,G6605,G6770,G6539,GJ206,59478,G7328,G7316,G6657,G6659,GJ200,G2170,G6647,G2326,G2162,GQ020,G6606,G6538,GJ203,G2161,GQ039,G2191,G7312,G1235,G1234,G6524,59663,G1225,G7319,G7320,GQ008,G3982,G3983,G6515,GQ055,G2173,G6533,G2307,G3999,G6510,G6514,G1208,G6642,G2150,G2176,G6747,G2111,G2166,G2305,G2310,G6536,G1269,G1214,GQ007,G6511,G1203,GQ052,G7317,GJ501,GJ201,GJ500,G6658,G6644,G1274,G2164,GQ002,G6564,59477,G3985,G3984,G2328,G6509,GJ106,G6502,G6537,G2190,59682,G1286,GQ004,G6645,G2183,G3966,G1202,GQ018,G1207,G2309,G2163,G1241,G6698,G6530,GJ205,G6604,G1268,G6640,GJ204,G2193,GQ003,G6534,59475,GQ005,G1254,G2109,G2319,G2323,G6532,G6610,G6702,G6706,GQ006,G3958,G3986,GJ100,G2134,G2165,G6656,G3993,GQ001,G1293,GJ101,G2155,GJ108,G2168,G2138,G3968,G6641,GJ102,G2120,G2304,G3954,G6626,G2110,G2308,G6699,G2177,G3990,G2314,G1278,G3951,G2178,GJ103,G1290,G6609,G6722,GJ107,G3957,G3967,GJ104,G6501,G1273,G1260,G2311,G3962,G2172,G6500,G6516,G7190,G6651,G6724,G6721,GJ105,G6621,G6504,G6650,G2171,G6531,G1253,G6720,G2317,G6557,GQ011,GJ502,G1222,G3950,G1297,GQ023,GQ040,G2112,G6623,G6593,G6558,G2334,G1205,G2330,GJ507,GW207,G6660,G2133,G6546,G3965,G1289,G2367,G3963,G1218,G2103,G7142,GJ503,G6620,G1298,GQ013"
112.60,22.57,0.88,0.81,1059,"G6507,G6508,G6506,G6623,GJ507,G2140,GJ503,G7021,G6638,G6620,G2172,G2114,GW201,G2178,G2118,G6622,G3011,G6504,G2177,G6625,G2171,G2145,G2147,GJ502,GE303,G2107,G7030,G6626,G2146,G2104,G7044,G6532,59475,GE302,GW200,G7040,G6660,G6553,G6637,G6537,G6530,G6534,G6502,G6609,GJ506,G6501,G6697,G7029,GE306,GW208,G2117,G7045,G7035,G7054,GE307,GE305,G6656,G6557,G6509,G2212,G7025,G7031,G7028,GJ501,G7056,GE304,G3065,GJ205,GJ204,GJ500,G7055,G2175,GE322,GE301,G2165,G7026,G7038,G2176,G2214,G6552,G9267,G2136,G7022,G7050,G6536,G7034,G6533,G2143,G2173,G6610,G2183,G9268,G6721,GW209,G7039,GJ504,G6511,G7049,G6556,G2115,G7043,G2155,G2109,G8242,G2110,G3069,G9363,G6538,GW212,G6524,G8273,G2207,G8262,G6641,G6644,GE320,G2215,G3015,GE319,G2170,GE325,G2166,G3060,G2141,G9361,G6531,G7032,G9360,G6539,G2135,GW216,G7027,G6550,G2103,G6606,G8259,G2151,GE323,G3062,G6621,G6604,G3066,GE324,G2142,G2144,G2663,G6543,G6510,G7024,G6551,G6624,G2137,GJ203,G2164,G9264,GW218,G9261,GE310,GE321,G9262,GE309,G8248,G8279,G3063,G7019,G8258,G6558,G6540,G9265,59478,G8233,G7033,G8230,G6657,G2192,G2195,G2125,G3010,G7023,GW214,GE318,G2162,G6724,GE311,GW210,G8246,GW213,GW207,G3068,G6562,GE101,59473,G6747,G9260,G6559,GE312,G3013,G6515,G2130,GE315,G6823,G9362,G6774,G2150,G2116,G7041,GE313,G3012,G3067,G8271,G6560,59476,G8275,G8260,G7042,G8224,G2113,G6525,59470,G7036,G8256,G2664,G2138,G6699,G6554,G6650,G2163,G8238,GE316,G6661,G8265,GE314,G6818,G2168,G8285,G6647,G2174,G6555,G2197,G2184,G2126,GW202,G2129,G6505,G8234,G7020,G3001,GE317,G6720,G2257,G7048,G2101,G7053,GE308,G6514,GW211,59278,G6542,G2194,G6541,G8245,G6824,G6861,G8274,G8270,G8249,G6930,GW206,G2148,G6546,GJ105,G6822,G2265,G3061,G2127,GW215,G2258,G3017,G8277,G2205,G6544,G6535,G6516,G6564,59477,G6513,G6512,GW217,GJ104,G3016,G6700,G6856,G2128,G2132,G6605,G8226,G6500,G6819,G8244,GJ103,G8267,G2152,G8253,G6642,G8278,G6845,G3018,GJ102,G7037,G7057,G8232,GJ107,G8229,G7069,G6864,G2667,G6523,G8251,GW203,GJ101,G8236,G2666,G6519,G8250,G7046,G2228,GJ108,G6907,GW204,G2241,G6910,G6820,G3006,G2679,G7068,G2670,G6868,GE210,GE233,GE227,G8257,G6603,G8263,G2190,GJ505,G6745,GE208,GJ100,G8264,G2689,G6640,G8231,G2134,GE209,G3027,G2198,G6593,G6649,G2699,G6863,G3064,G2133,G6931,G2124,G6722,G6517,G2108,G2672,G6906,GE231,G2235,G8252,G8281,G2693,G2264,G2263,G6827,G2196,G3005,G6964,G2676,G2156,G2671,G2131,G8235,G2237,G2698,G2055,G2123,G6811,GW205,G6651,GE212,G6821,G2064,G9209,G2255,G2106,G2665,GE232,G2696,G6808,G6216,G2021,G6612,G2188,G2668,GE228,G2226,G6929,G2208,G2120,G2686,G9263,G2057,G6919,G3071,G2695,GE027,GE229,G2225,G2211,G8269,G3014,G6920,G6963,GE218,G1257,GE236,G6825,G6706,G6702,G6518,GE028,G2365,G2102,G6643,G3025,GE020,G2254,G8284,G3200,G2191,GE230,G6773,G2694,G6698,G6653,G6770,G6908,G2079,G6809,G6548,G2112,GE017,GJ106,G2202,G6905,G6723,GE235,G6826,G2181,G6911,G6648,GE026,G2239,GE018,G6925,G3003,G2246,GE237,GE219,G2271,GE240,G2039,GW002,G2697,G2681,G2193,G6659,G2607,G6865,G8254,G2160,G6528,G6615,G6958,G2673,G6803,G6849,G9201,GW104,GE214,G1265,G6801,G6772,G2020,G6802,G2033,GE234,G6917,G2683,G2078,GE220,G6810,G6646,G1264,G6645,G2047,G2161,G6962,G2069,59471,GE217,G6607,G6807,G3007,G1268,GE019,G7058,G6812,G6212,G2167,GJ201,G6658,G6613,GJ206,G2182,G6851,GJ200,GW004,G6909,GW003,GE211,G6904,G6804,G1263,GE005,G2682,GW001,G7143,G6828,G2688,G6655,G3954,G6549,G6771,GE205,G2111,G3967,GE006,G1251,G6202,G3002,GE014,GE025,G9221,GE215,G2273,GQ034,G2046,G2001,G2234,G3004,G3988,GE013,G6814,G2236,G2690,G2059,G2204,GE012,GE015,G8239,GE029,G2680,G2012,G6805,G2180,G6957,G3020,G6205,GE226,GE008,G7009,G2238,G6902,GE011,G2355,G2075,G1253,G3965,G2342,GE009,59480,G1202,G2244,G2217,GE223,G3955,G3028,G3958,GE007,GW107,G9220,G2011,G2019,G2327,G8280,GE225,G6520,G6844,G3959,G6652,G3023,GE201,G6866,G2063,GE024,G6806,G6521,G9203,G2674,G3966,G2270,G2221,G7018,G8169,G2153,G6961,GE010,GE016,G6901,G9200,GE204,G3957,G3969,G7061,G9207,G2267,G2082,G8182,GE001,G2201,G6217,G1262,GJ202,G6956,G2013,G6960,G2034,GE023,G6959,GE030,GE031,GE032,G2687,G6903,G2067,G1269,G6215,G2060,G7006,G9204,G1255,G2230,G6842,G7015,GE002,G2002,GE221,G7017,G6207,G6800,G2233,G2088,G3070,GE202,G2691,GE022,G6209,G7014,G6915,G7016,G9206,G6838,G2222,GE004,G6529,G1290,G3961,GE222,G6955,G7065,G6900,GE003,G6867,G1260,G1254,GQ019,G7062,G2087,G8282,GE239,G3986,G2661,G2040,G6913,G6850,GE238,G6923,59279,G2061,GE021,G6926,G2606,G6813,G2223,G6855,GW106,GW109,G7013,G6201,G2018,G2285,G2645,G6965,G6833,G2242,GE216,G2253,G8220,G1225,G3964,59288,G2256,G3956,G2259,G6847,GQ056,GW105,G6918,GW103,GE213,G2014,G1261,G2654,G2260,G2015,G6832,G2353,G6835,G2289,G6966,G2675,G2245,G2007,G2345,G6839,G6924,G2024,G3989,G8241,GQ042,G2660,GE224,G6927,GE206,G2287,G2274,GW108,G3952,G3963,G2243,G2158,G3993,G6860,G2280,G3073,G2076,G2232,G8166,G8167,G8216,G7001,G2090,G2266,GE207,G2029,G6705,G6701,G1278,G6214,G2684,G3117,G2058,G6954,G2209,G6916,G2692,G2261,G6953,G6843,GQ033,G9523,G2056,G1208,G2105,G6848,G6933,G2044,G2231,G6817,G3968,G2016,G7064,G3982,G3983,G3134,G3022,G2070,G3156,G6853,59485,G2017,GW102,G1049,G2122,G2030,G2065,G2347,G9573,G2062,G6952,G6862,G1250,59487,G2009,G2032,G8228,G3093,G2272,G8193,G6592,G7059,G3962,G8194,G2372,G8219,G2354,G2252,GE203,G2288,G8287,G1259,G1070,G6203,G2291,G3950,G6836,G2187,G2219,GQ012,G3021,G7142,G9807,G2157,GW618,G9746,G2286,G2659,G6840,G6912,G2240,G2677,G6208,GQ039,G2025,G2004,G2096,G8240,GW613,G7011,G2605,G6213,G1241,G6834,G7060,G3024,G3072,G9793,G9710,G6950,G1069,GQ007,G2297,G3111,G3347,G2281,G2186,G2031,G2602,G6841,G2276,G8197,G8223,G1092,G2035,G1088,G2022,G2072,G6816,G3324,G6211,G9806,G3953,G8255,G2651,G7002,G3951,G8222,G3137,G2658,G2094,G2080,G7067,G2054,G2279,G3145,G1289,G6204,G3960,G8221,G6608,G6934,G3249,G3237,G3107,G9543,G2321,G6703,G6707,G1258,G2322,G9804,G6852,G1274,G6837,G8165,G3108,G8206,GQ051,G1234,G1235,G8268,59276,G3999,G2092,G7066,G9792,G2290,G3112,G2068,G6704,G6708,G2655,G2041,GQ005,GW110,G9517,G3142,G2323,G9803,G9805,G7012,G8180,G9802,G9544,G2026,G3310,G3987,G9524,G2036,G2099,G2093,G3110,G2656,G6951,G1087,G3099,G7063,G6522,G9791,G1016,G8192,G3026,G7005,G2010,GQ006,G9797,G1047,G2218,G2268,GW101,G9575,G6830,G3451,G1000,G9726,G8172,G8204,G9498,G8203,G6858,G2077,G9800,G2216,G8227,G2296,G9796,G9541,G9706,G1207,G9576,G2008,G1015,G2248,G2084,G9801,G9794,GW408,G3129,G3041,G1252,G9539,G2091,59481,G9518,G3254,G1033,G2081,G6218,G3444,GQ048,G9545,G3157,G3209,G2206,G6935,G2027,GQ017,G3236,G2318,GW619,G2292,G1298,G9472,G2644,G9474"
112.60,23.43,0.88,0.81,1032,"G8217,G8208,G8209,G8196,G8203,G2653,G8189,G8192,G8195,G8063,G8289,G8212,G2652,59276,G8191,G2651,G8204,G8214,G2656,G8206,G8211,G8198,G2658,G2655,G2659,G8197,G8057,G8199,G8223,G2692,G8221,G8052,G8200,G8215,G8055,G8194,G2675,G8202,G8222,G2604,G2606,G6945,G8193,G8272,G8062,G8216,G2684,G8053,G8219,G8240,G8287,G2220,G8207,G2674,G8205,G8283,G2601,G2691,G2687,G2654,G2622,G2680,G8190,G2602,G8059,G2605,G8227,G8255,GR066,G2660,G8243,G2224,G2720,G8213,G8261,G2299,G2677,G8066,G6939,G8201,G8067,G8065,G6944,G8082,59271,G2682,G6941,G6967,G2673,G8220,G2681,G2688,G2607,G6942,G8268,G6937,G6938,G2227,G7008,G6951,G6956,G2291,G2690,G6946,G7003,G8247,G2210,G8085,G2697,G7011,GR067,G2683,G2625,G8228,G2662,GR070,G8239,G2694,G2290,G2287,G6955,GR032,G7000,G6948,G8276,G7004,G8083,G6965,G8225,G7017,G6953,G6947,G7010,G2286,G2298,G8241,G2695,G2296,G6943,G6966,G6934,G7009,G6936,G2297,G2626,G8058,G2217,G8054,G2698,59279,G2288,G8280,G3409,G8254,G2693,G6935,G6962,G6933,G7015,G8321,G6954,G2285,G2703,G6952,G2676,G3119,G7016,G6949,G8322,G8081,G8263,G8257,G8080,G2218,G8051,G8071,G6961,G8281,G6959,G2671,G2294,G8320,G2289,G2689,G8172,G8250,G8269,G2670,G7012,G2661,G7018,G8313,G7006,G2696,GR033,G8244,G8074,G2665,G7013,G7001,G6960,G3126,G2686,G3253,G8075,G6957,G8264,G8335,G2699,G3252,G6958,G6843,G2211,G8226,G2679,G8253,G7014,G8076,G8278,G6850,G2672,G2623,G8154,G6950,G2293,G8277,G2292,G8056,G8177,G8072,GR065,G3420,G7005,G8069,G2216,G8267,G8274,G6828,G8252,G6842,G2667,G8284,G8073,G2666,G6862,G2726,G6840,G8334,G7002,G8155,G8234,G8231,G6839,G6963,G3452,G7065,G8167,G8232,G8019,G8235,G2295,G8078,G6825,G2668,G8070,G8077,G8079,G8245,G8060,G1026,G3256,G2664,G2643,G7061,G8156,G8238,G6832,G9220,G8265,G7067,G3254,59278,G8180,G8282,G1073,G7062,G8100,GR071,G6865,G7063,G8005,G2624,G7064,G8285,G8331,G6964,G7046,G8270,G8166,G8179,G8301,G8300,59288,G2254,G7020,G8182,G8061,G2268,G3411,G2273,GR069,G6838,G1043,G6829,G6866,G8224,G2205,G2279,G2271,G2701,G8304,G8233,G7037,G9484,G7023,G8064,G7059,G2255,G2276,G2228,G8328,G8258,G8251,G2250,G2644,G8178,G7066,G7058,G2646,G8084,G2722,G2251,G8248,G8246,G8279,G8256,GE313,G8302,G3412,G8260,G2282,G1025,G6867,G8036,G8303,G7060,G8323,G3255,G8169,GE318,G3002,G7053,G2280,G2275,G6859,G2248,G3416,G8001,G2267,G8327,G6826,G2613,G6844,G8149,G8020,G3259,G6827,G2715,59280,G9488,G2705,G7042,G9847,G8249,G6849,G8259,G6830,GE317,GE321,G8437,G9833,G6841,G9846,G9485,GE314,G6833,G8033,G7019,GR064,G9571,G8236,G8159,G6929,G6802,GE308,GE017,GE323,G7068,G6853,G2270,G2247,G8181,G2716,G9845,G1042,G6851,G2261,G2249,G8230,G2645,G3404,GE018,G6812,G7048,G6831,G6808,G8312,G2206,G6822,G9566,GE319,G3200,G3260,GE007,G8306,G8229,G8006,G1081,GW109,G3159,GE311,G9567,G3104,GE005,G8326,G6821,G7032,G8157,G8013,G3415,G7024,G9483,G6834,GE312,G3325,G3007,GE006,GE008,GE320,G2258,G6820,G8333,G9589,G2723,G8014,GE310,GE026,G2207,G8242,G9768,G6858,GE010,GE009,GR009,G2225,G8171,G8275,59284,G2221,G8311,GE022,GE315,G9844,GE324,G6801,G9487,G8273,G6810,G8024,G2663,G7041,GE309,G9715,G7069,GE325,G6813,GE027,G2704,G6809,G7039,G6835,GE025,G1010,G7027,G2264,GE316,G3310,G6868,GE023,G9832,G8307,G6800,G6836,G6857,G8035,GE024,G8329,G7033,G2204,G7049,G9482,G2202,G2223,G2616,G6852,G9706,G3417,G6860,G8165,GE019,G3251,G1046,G8134,G6814,GE101,G1059,G3006,G6823,GE011,G6824,G9486,G8016,G8271,G3001,G9564,G6807,G6837,GE021,G6811,G1094,G3346,G9848,GE020,G8332,G7050,G3403,G9209,G8175,GE301,G3005,G7036,GE014,GE322,G6847,GE012,GE001,G9815,G2259,G6803,G6845,GE004,G8022,G3438,G9703,G2256,G2201,G9813,G2272,GE002,G1011,GE013,GE028,G9796,G2642,G7034,G8330,G8007,G9587,G2260,G2281,GE031,GE030,GE032,59270,G2263,G8025,G8262,G6855,G9573,G3109,GE003,G8153,GE015,G2215,G2634,G2226,G8109,G3419,G9588,G8023,G7055,GE016,GE240,GE307,G6864,GW004,G3222,G1027,G6930,G1095,G9778,G9766,G6804,G9802,G3405,G9707,G1051,G9797,G2724,G1044,G7026,G3072,GR030,G9201,G3236,G9777,GE029,G6818,G9804,G7029,G9800,G7043,G9701,G7045,G2234,G9795,G3414,G9565,G9539,G6863,G9782,G8176,G9563,G6806,G9742,G9576,GR031,G3021,G7022,G8308,G1024,G9806,GE306,G9803,G9767,G9798,GE304,G6819,G1033,G6931,GW001,G9726,GW110,G3219,G9769,G9801,G2611,GE218,G2222,G9817,G8324,G9770,G6909,G9799,G9771,GE219,GE220,G9794,G3240,G2706,G8034,G9773,G3237,G3249,G2707,G2274,G9825,G9515,G1014,G2725,G1009,G2760,G9708,G7054,G9694,G9793,G6805,G2253,GW214,GW003,G3157,G9823,G9725,G1045,G8031,G3073,G9791,G7028,G9807,G2113,G8170,G2233,G3224,G9723,G9805,G9722,G3352,G9724,G9472,GE302,G9772,59471,GE210,G3225,G9507,G9473,G8002,G9824,G6861,G9361,G9697,G9720,G8556,G9822,G9721,GE217,G7031,G8116,G2219,G3263,G7025,G7044,G7038,G2265,G3074,G6925,G3451,G9695,GE204,G9476,G9474,GE206,G9475,GR029,G2214,G1052,G1088,G1006,GW002,GE303,G2615,G9200,G1037,G6907,G6908,G7030,G9792,G3258,G9842,G9996,G6918,G9470,G3413,G3402,G9471,G6906,G3257,G6848,G9206,G9204,G3107,G9570,G3407,G9498,G1053,G3450,G8325,G6550,G6816,G2252,G2240,G8151,GE305,G6923,G2144,GW209,G2257,G2754,G1001,G3066,G3410,G3446,G3241,G2702,G9834,G3262,G6817,G2238,G1093,G6917,G3223,GE209,GR043,GE235,GE202,G9737,G8555,G7056,G8158,G7040,G9816,G3012,G2212,G3004,GW212,G3362,G9506,G9505,G3316,G2115,G8021,G1099,G6856,G8161,GE207,G9203,G8106,G9477,GE212,G2208,G3314,G8164,G9841,G1040,G3406,G7057,G8541,G8032,G8150,G9491,GE208,G3221,GE213,G6661,G1070,G1036,G8010,G8123,G9814,G3444,G3345,G9478,G3447,G9504,G6559,G9829,G8133,G3449,GE205,GR062,G7035,G6915,G8118,G8004,G6551,GE234,G8520,G1058,G3418,G8525,59269,G3344,G6905,G9710,G2241,GE236,G3440,G2148,G9501,G2142,GH304,GW200,59470,G3246,G2209,G9788,G9736,G9500,G3101,G3435,G9577,G3027,G9780,G3145,G1047,G9207,GR077,G3339,G9781,G8129,G1097,G9709,G1039,G2244,G2641,GE214,G8163,G9499,G3309,G3354,G2145,G1008,G9528,G3068,G8138,G3156,G3102,G9489,GR063,G7021,G6916,G2114,GH300,G3025,G8104,G3138,G8030,G6562,59473,GW216,G3123,G3426,G3032,G2140,GW208,G1021,G3069,G2781,G9568,G8037,G2245,GH305,G9575,G9362,G3401,G3311,G3232,G6919,G1000,G2239,G9590,G9262,G9758,G6902,G2745,G9572,GR075,G2636,G2774,G2633,G3437,G3003,G3443,G0902,G3108,G9754,G0903,G8018,GE203,G8139,G9835,G8132,G3454,G3238,G3010,G8535,G8183,G9569,G3330,G8162,G2614,G3065,G6637,G2235,G8148,G9740,G3220,G3164,GW108,G8140,G8353,G6903,G3020,G9582,G8015,G2116,G3155,G1028,G3442,GW201,GE239,G2635,G9756,G9508,G9739,G2791,G8160,GE227,G3129,G3228,G8512,GR041"
112.60,24.29,0.89,0.81,369,"GR059,59075,G2761,G8506,G8509,G8519,G8336,G8512,G8525,G8517,G8529,G8518,G8528,G8514,GR063,G8554,GR058,G8520,GR057,GR054,G2707,G2763,G2760,G8419,GR068,G8017,G8337,G2706,G8513,G2725,G2708,G8030,GR044,G8325,G8507,G8526,G8330,G8031,G8421,G8521,G8011,G8523,G8012,GR056,GR052,GR008,G2721,G8333,G8324,GR009,G2774,GR005,GR055,G8433,GR007,G8543,G2740,G8013,G2615,G2766,G8317,G8316,G2770,G8564,G8021,G8427,G8516,G8432,G2762,G2764,GR048,GR004,G2765,GR047,G8524,G8435,G8555,G8406,GR006,G8064,G8425,G8511,G2616,G8084,G8029,G8332,G8033,G8413,GR035,G8510,G8566,G8469,G2624,G2742,GR051,G8515,GR012,G8007,G2724,G8565,GR019,G8542,G8508,G8014,G2722,GR003,G2730,GR043,G8452,G8100,G8028,G8078,G8079,G2614,G8061,G8465,G8420,G8430,G8069,G2757,G8077,GR049,G8431,G8326,G8010,G2726,G8423,G8404,GR073,GF706,G8003,GR053,G8323,G2772,GF701,G2753,GR064,G8402,G8460,G2771,GR071,GR010,GR011,G8070,G8073,GR046,G8418,G8563,GR018,G8541,G8537,G4555,GR020,GR034,G8338,59270,GF700,G8447,G8400,G8331,G8075,G8426,G8025,GR065,G8058,G8556,G2623,G8545,G8022,GR014,G1466,G2723,GR042,59071,G2741,G2767,G8429,G8424,GR013,G8036,G8329,G8328,G8076,G8072,G8446,G8009,G4538,G8540,G8083,G2747,G1460,G8442,59074,G8037,G2625,G8407,G2733,G4540,G8019,59072,G8005,G8018,G8457,G8032,G8538,G8500,GR021,G8074,G8335,G8027,G8020,G8411,G8464,G8428,G8342,G8023,GR069,G8410,G8067,G8001,G8409,G8467,GF705,G8401,G8501,G8071,G8085,G8004,G8322,G2612,GR050,G8039,G8547,G8405,G8026,G8038,G8016,GF004,GF092,G8567,G8015,G8468,G8201,GR075,G8462,G8002,G8008,G2745,G8213,G8327,G8082,G8448,G8443,G8416,G8053,G4556,G8321,G2701,G8422,G8307,G4407,G8415,G8502,G8190,59271,G8065,G8561,G8066,G8051,G8080,G2731,GR040,G8334,G8503,G8408,G8403,G8445,G8315,G8530,G8302,GR022,GR041,G8062,G2752,G8458,G4547,GR066,G8437,G2777,G8535,GR074,G8568,G8308,G1426,G2720,GR036,G8348,G8532,G8347,G2751,G8215,GR002,G8504,G8320,G2626,G8202,G8205,59280,G8505,G4545,GR016,G8132,G8304,G8057,G8306,G8552,G4543,G8546,G4542,G8301,G4554,G8006,59088,G8200,G8313,G8441,G4549,G8449,G2750,G2636,G8533,G8312,GR037,GR038,G4614,G8548,G8214,G6941,G4544,G8536,GR070,G1464,G8444,GR067,G4535,G8060,G8454,G8059,G2702,G2604,G8289,G8191,G2652,G8052,GR030,G2611,G8300,G8455,G6939,G4557,GR017,G2773,G8531,G8199,G8453,59081,G2703,G6967,G8207"
112.60,25.14,0.90,0.81,233,"G8455,G8441,G8454,G8444,G2751,GR022,G8458,G8445,GR023,G2750,G8448,G8456,G8450,G8468,GR021,G4564,G8457,G8443,GR015,G8449,G8442,GF208,G8463,G8440,G8447,G2756,G2752,G2758,G4566,GR016,GF209,G8451,G8467,G4649,G2753,G8501,G8462,GR017,GR020,GR010,59072,G4567,G8504,G8500,G8446,G2767,G8503,G8502,G4545,G8453,G8505,GR011,G4601,G1458,GF096,GF097,G1470,G4542,G8452,G8464,G4543,G8460,GR050,G4563,GR018,GF098,G8508,GF207,G8422,G8465,G8428,G1410,G8469,GR013,G4536,G4518,GR012,GR014,G4548,G1413,G4544,G1415,G8511,G8338,G8515,G8426,59071,G1414,G2757,GF705,G1462,G1412,G2762,G4648,GF099,GR004,GR006,G8516,G2765,GR019,GR049,G4516,G9880,G8411,G1464,G8403,G8423,GR046,GR053,GR007,GR051,G8410,G8317,G8316,G4565,GF210,G2733,GR008,G8429,G2764,GR005,G8523,G1472,GF095,G4606,G4600,G2742,G4540,G2731,GF702,G4562,G8510,GF211,GF706,G4519,GF204,G4549,G4546,G2741,GR048,G4556,G4555,G8416,G8415,G4561,G2708,G8521,G8526,GF200,G8427,G8337,G4554,GF707,G4538,G1454,G8420,G4547,G1471,G8419,G4608,G2766,G4604,GR047,57988,G4663,G4602,G1456,GR058,G8524,G4517,G1411,G8513,G8507,G2763,G8409,GR055,G4552,G4553,G8425,G8424,GR056,G8514,G4609,GF212,GF700,GR057,GF203,G4557,59081,GF701,G4569,G8421,G4560,G4534,G8408,G8401,GF205,G8430,GF206,G4535,GF703,G8564,59074,GR002,G8528,G8518,GF092,G8433,GF704,GF202,G9881,GF201,G4407,G1463,G8529,G8432,G4550,G4605,G4568,G4607,G9883,G1461,G4551,G1466,G1460,GF000,G9884,GF004,G8542,G8563,GR052,GR054,G1474"
113.50,21.71,0.87,0.81,254,"59682,G1286,G1205,G1214,G1222,G1203,G1292,G1273,G3984,G3985,G1293,G1218,G1224,G1207,G3990,G1299,G1280,G1217,G3999,G1234,G1235,G1297,G1274,G1210,G1226,G1241,G1298,G1232,G1220,G3994,G1295,G3951,G1230,G1256,G3980,G3983,G3982,G1208,G1238,G1240,G1221,G1289,G1276,G3968,G1206,G3962,G3995,G1258,G1252,G3996,G3950,G3993,G3970,G2037,G1225,G3987,G1212,G3981,G1278,G6707,G6703,G3971,G2186,G3972,G2158,G2187,G3960,G3992,G1209,G1254,G1250,G3986,G3991,G1269,G1215,G3973,G1272,59487,G6704,G6708,G2085,G3953,G6608,G3997,G2084,G3963,G1290,G3966,G2003,G1260,59488,G1271,G2031,G1259,G1228,G1202,G3974,G1233,G3958,G2111,G1270,G1236,G3952,G3957,G2036,G3964,G4005,G2083,G2086,G3975,G6771,G1268,G3976,G1237,G3956,G3954,G3989,G2070,G2077,G2053,G6772,G3977,G3998,G3978,G3967,G1255,G1253,G6607,G6615,G2193,G2017,G6529,G3979,GJ106,G1277,G1261,G2191,G3965,G6770,G2181,G6698,G6204,G2010,G1223,G1243,G3955,G1229,G2058,G6709,G3961,59672,G6618,G6208,G1282,G6706,G6702,G1204,G2038,G3969,G2081,G1251,G6590,G2182,G2054,G2120,G1285,59673,G2112,G1283,G6613,G6521,G1265,G1227,G1244,G3959,G2050,G1262,G1264,G3988,G1211,G2068,G2190,G2035,G2134,G2060,GJ100,G1263,G6710,G6503,G2027,G6722,G2042,G2076,G1294,G6207,G6518,G2018,GJ108,G6773,GJ101,G6203,G6603,G2028,G6605,G6593,G2153,GJ102,G2133,G2004,G6214,G6549,G1191,G2051,GJ107,G6200,GJ103,G1257,59490,G2088,G6612,G2029,G6723,G6500,GJ104,G2046,G2122,G2152,G6201,G2089,G2026,G6213,G6517,G2106,G6591,G2087,G2030,G2019,59485,GJ105,G2005,G2024,G2080,G2150,G2198,G2074,G2138,G2025,G2065,G2002,G2073,G6546,G6720,G2132,G2131"
113.50,22.57,0.88,0.81,1649,"G2023,G2071,G6218,G2008,G2045,G2006,G2066,G2043,G2049,G2091,G6210,G2094,G2005,G1090,G2052,G6211,G2099,G2092,G2096,G2080,G9552,G2074,G2089,G1078,G2026,G2062,G2025,G2051,G3211,G2016,G6200,G3205,G2009,G9574,G9718,G1017,G2048,G6213,G2028,G2065,G9521,G2073,G2022,59485,G2044,G2030,G9818,G2042,G3239,G2007,G3206,G3202,G3207,G2027,G2032,G2093,G2004,G2024,GA005,G9522,G6203,G9535,G1055,G2029,G2050,G2015,G1091,G9551,G6215,G2041,G3209,G2090,G2068,G1244,G9748,G1283,G6214,G2035,G9749,G3208,G6217,G3142,G3212,G9534,G2067,G2061,G2034,G3121,G2087,G2002,G6201,G9519,G9549,G1294,G2072,G1048,G1285,G2063,G2038,G6219,G3204,G2011,G2075,G6205,G2082,G9520,G2081,G2014,G1089,G1227,G1211,G2076,G2059,G9819,G1204,G1223,G2054,G3308,G6209,G2088,G1072,G3110,G6212,G1282,G2018,G2019,G2047,G2010,G2056,G9546,G2001,G1243,G3111,G3201,G2020,G3213,G2078,G1016,G9524,G9503,G2243,G2040,G1229,G2053,G6208,G2013,G1056,G9517,G9550,G3132,G6204,GA038,G6207,G3120,G1237,G9533,G2012,G6143,G2039,G2046,G5952,G2077,G3614,G3998,G9717,G2069,G1966,G3210,G2086,G1901,G6913,G6088,G6548,G9545,G6912,G2060,G6142,G3137,G1997,G1136,G1152,GE224,G2079,G2083,G4005,G6202,G2231,G6549,G3526,G1270,G3680,G2058,G3203,G1967,G2057,G2266,G1086,G5968,G1139,G6056,G3734,G1236,G1233,G3118,G9765,G3681,G3636,G3746,G1985,G2021,GE225,G1271,G2033,G2036,G9532,G3704,G1262,G2236,G2064,G2102,G2017,G2003,G3112,G2123,G3131,G5967,G9523,59488,G1049,G1228,59490,G2242,G3688,G6055,GE222,G9837,G6058,G6911,G3575,G1151,GE226,G1272,G1145,G3997,G2055,G6723,G6216,G2085,G3113,G2070,G1989,G6901,G9540,G3959,G3768,G2196,G3991,G6927,G9543,G9838,G3643,GE215,G1263,G3663,G5951,G9840,G2084,G9839,GE223,G6059,G3961,GA006,G1215,G1261,G6097,G6926,G9544,G3988,GE221,G3671,G2124,GE232,G3699,G1077,G3781,G3715,G3557,G9547,G3133,G3992,G2131,G3969,G6924,G3989,G1209,G1191,G2031,G2246,G9518,G3556,G6900,G1911,M9988,G1197,G1257,G1196,G3115,G3135,G1153,G9548,G3733,G1212,G9509,M0003,G3664,G6130,G3975,G3973,G3759,G1189,G3650,G3974,M0004,G3976,G6904,G1259,G3996,G6053,G1264,G3953,G1069,G3134,G3692,G3972,GE231,GE238,G3141,G3971,G3956,G5949,59480,G3995,GE228,G3714,G3717,G2237,G6054,G3981,G2037,G9747,G3765,G1904,G2230,G3244,GE211,G9541,G3970,G2198,G3702,G3952,G9746,G1221,G3977,G6112,G3619,G2232,G5950,GE230,G3718,G3697,G3978,G3955,G3682,G6057,G3521,G1276,59486,G6071,G3502,GE229,G1132,G3550,G2128,G3530,G1251,G1054,GE201,G1206,G6518,G1087,G1179,G1960,G3960,GE216,GE237,G3117,G6060,G6517,G6544,G1265,G1131,G1255,G3964,G3546,G3618,G2127,G3979,G1252,G3790,G6700,G6123,G6075,G1142,G1277,G6920,G3555,G3728,G1240,G6910,59487,G1238,G1015,G3987,G3784,G6903,GE239,G3585,G9597,G3531,G3785,G1996,GE233,G1230,G6072,G3703,G3980,G6542,G3965,G3694,G3568,G3130,G3347,G9789,G2101,G3738,G1964,G3994,G1926,G3548,G1092,G1183,G3647,G1933,G3756,G3503,G6902,G3128,G3963,G1250,G3540,G1193,G3583,G1143,G1226,G6100,G6555,G6152,G1295,G1019,G2239,59481,G2129,G1232,G6541,G3720,G1919,G6048,G3324,G9510,G3569,G1195,G1935,G3675,G2235,G6031,G2112,G3641,GE227,G3635,G1156,G1187,G3140,G3529,G1258,G6919,G3617,G6099,G2132,G2197,G1253,G2194,G2245,G2133,G6151,GE203,G1176,G1170,GE214,G2244,G1256,G6008,G6560,59476,G9779,G6120,G3504,G1947,G6593,G6085,G3727,G6001,G3561,G6032,G1220,G3653,G3766,G3757,G1289,G3565,G6018,G1217,G2126,G6916,G3515,G1071,G6126,G6128,G6905,G1280,GE234,G3108,G3156,G3950,G3686,G1982,GE236,G3129,G6153,GE205,G3139,G3574,G3967,G6049,G1186,G6915,G3532,G3528,G3648,G2209,G6163,G3693,59289,G3957,G1260,G3218,G1915,G6554,G6019,G1298,G2195,G1932,G2125,G6546,G1210,G5958,G6046,G1178,G6129,G5940,G1290,G3684,G1018,G6162,GE213,59493,G1929,G3764,G2208,G1000,G6540,G2241,G3501,G9575,G3114,GB060,G3744,G6722,GE212,G9508,G6917,G3740,GE235,G3954,G3962,G1956,G2238,G2192,G1299,GE202,G1224,G3145,G3701,G6132,G3125,G3722,G6500,GE208,G3634,G3551,G9710,G1944,G9745,G3752,GE207,G1278,G6003,G6087,G2116,G2130,G6720,G1945,G2120,G3158,GJ105,GJ107,G5946,G1070,G1155,G6923,GJ104,G3783,G6017,G5966,G6047,GJ103,GE209,G3220,G1907,G7057,G3562,G2148,G1292,G5959,G3136,G6543,G1297,G1047,G5947,G6908,G3553,G1164,G1971,G3669,G3645,G1922,G6156,G3138,G9559,G1190,G6817,G1031,G6050,G1987,G5948,G6906,G5955,G3242,G6925,G3658,G6856,G5954,GE217,G1910,G3713,GE204,G1918,G6918,G5953,G3958,G9502,G3443,G3951,G3968,G3620,G6044,GJ102,G3986,G6848,G6702,G6706,G1218,G3547,G6089,GJ108,59473,G5956,G3993,G3698,G6084,G2137,G2252,G1976,G6052,GJ101,G3155,G1975,G6007,G6562,G1130,G3691,G6127,GE206,G1030,G2134,G3519,G2240,G1970,G3776,GJ100,G6907,G3778,G1097,G3572,G9525,G6000,G1254,G2193,G6045,G1135,G1909,G3750,G2233,G6805,G3330,G6002,G6661,G3543,G9554,G9711,G1268,G6558,G3444,G3513,G6816,G6037,G1924,G3580,G3190,G3302,G6724,G1906,G1003,G2135,G6092,G3773,GE220,GE210,GE219,G1921,G6006,G6698,G6909,G1032,G3448,G9788,G1942,G1949,G3447,G2253,G2257,GB031,G2141,G3107,GA003,G3761,G1039,G9501,G3250,G3101,G3435,G3442,G9500,G1175,G3339,GE218,G6042,G6559,G3751,GA014,G1180,G6036,G9590,G1923,G2219,G1079,G3797,G6009,G1088,G2222,G1202,G1920,G9477,G3966,G9714,G3696,G1188,G6806,G1983,G9527,G2265,G2234,G2274,G1984,G6033,G9792,G2138,G9499,G3309,G3576,GJ106,G3775,G3774,G6062,GA007,GS014,G6931,G3990,GE029,G1931,G6010,G3449,G1034,G1995,G6861,G1184,G9498,G3510,G2103,G9807,GA018,G3579,G6051,G1913,G6863,G1978,G1968,G6804,G3739,G1994,G1273,G9514,G9526,GS010,G1943,G3779,G2190,GE240,G3102,GA008,G3747,G1981,GS013,G1149,G3344,G3450,GE016,GS011,G6093,GS012,G2142,G6819,G6041,G9793,G5969,G3527,GE015,G3345,G9478,GA015,G3791,G6551,G2226,G6034,G1936,G3451,GS015,G1222,G3522,G3732,G3410,G3523,G3329,G6077,G1062,GS009,G1205,G3223,G1093,G3793,G9586,G6013,G6094,G9712,GE003,GE013,GE031,GE030,GE032,G9805,GA009,G6061,G1241,GE028,G3630,G9713,G1121,G3581,GA024,G9471,G3506,G6855,G3314,G6803,G9474,G3249,G3237,G2201,G1129,G2263,G9791,G3312,G5945,GE002,GE012,G1293,G6556,G9489,G2113,GE014,GA010,G9709,G9470,G3316,G3454,G9475,G6864,GE001,G3573,G9835,G3507,GS007,G3789,G0903,G1269,G9806,G1963,G3721,G3402,G5965,GS008,G9505,G6035,G2143,GE004,G2260,G3238,G0902,GE020,G6807,G3631,G9504,G9473,G6043,G2256,G6015,G1166,G3225,G3227,G9828,G9476,G1916,G2111,GS005,GS006,G3798,G1120,G9506,G9472,G3577,G6811,GE011,G6110,G2259,G6814,GA021,G9573,G6847,G9579,G9591,GA012,G6039,G2144,G6038,GE019,G3157,G9803,G1990,G1148,GE021,G9491,G6024,G1053,GA016,G6552,GS004,G9804,G1161,G3226,GS003,G1037,G3221,G1937,GA019,G6930,G2202,G2204,G1952,G3362,G9996,G3228,G9794,G6103,G9726,G6818,G6845,G3241,G1001,GA013,G9824,G9834,G2272,G1961,G1950,GE024,G1045,G3534,G9801,G6014,G3559,G9513,GA011,G9577,G1993,GS002,G6102,G1902,G1207,G1948,G1146,G2223,G1274,G1033,GS001,G9582,G2281,G6800,G9576,G6028,G9799,GE025,GA017,G1953,G3235,GE023,G3558,G1973,G9708,G2136,G9829,G6809,G6040,G5962,G9802,G9800,GA023,G6154,G6810,G3524,G6860,GE027,G3224,G9539,G1986,GA022,G1992,GA020,G6012,G6801,G6148,G1002,GA026,G1955,G6096,G9797,G3743,G9798,G1208,G2264,G6550,G9825,G3231,G3327,G3152,G2191,G1928,GE009,G6813,G1917,G3518,G2221,G3161,G9515,G1099,G2225,GE026,G6868,GE010,G3236,G9722,G3332,GE022,G1934,G6835,GA027,G1173,GE006,G3311,GE008,GA028,G6721,G1225,G6076,G6016,G9795,G1972,G6104,G9580,GE005,G1144,G9775,G6824,G6107,G1044,G6074,G3984,G3985,G6091,G9771,G3146,G6144,G3162,G9720,GA025,G9772,G6821,G7069,G6837,G3552,G6836,G5960,G3983,G3982,G1925,G1023,G7036,G2110,G9796,G9588,G1009,GE007,G6029,G5944,G3799,G3200,G6020,G1998,G1036,G3233,G3758,G2115,G6021,G6604,G3222,G6098,G6697,G6820,G9570,G3219,G9507,G6090,G6105,G2117,G9725,G1905,G3154,G3737,G6812,G6852,GE018,G6023,G1174,G6808,G6030,G3659,G3232,G3999,G1182,59287,G6851,G6106,G3234,G1962,G5964,G6027,G6080,G1912,G9723,G9587,G6553,G2270,G3560,G2150,G6026,G6770,GE017,G2155,G9721,G1939,G6557,G6823,G6078,G6802,G9770,G1979,G3407,G9778,G1094,G2258,G3310,G6011,G3649,G9706,G9782,G6079,G6101,GE316,G5961,G6834,GA004,GE101,G6929,G6131,G1234,G1235,G1965,G6081,G2261,G1051,G3726,G1951,G3514,G9777,G1940,G6082,G6022,G3322,G1793,G6849,G6063,G3621,G6064,G3319,G1954,G7068,G9774,G1203,G6833,G1977,G1286,G9773,G3517,G9724,G6660,59682,G3678,G3144,G1792,G6853,G9578,G7041,G3535,G9742,G6073,G9583,G1747,G1980,G6822,G6155,G6844,G3661,G9815,G6826,G3554,G3122,G6858,G6095,G1974,G1008,G2146,G6857,G2267,G2104,G3578,G6005,G6610,GE315,G7033,G6605,G6083,G1214,G6827,G9528,G6113,G6025,G7048,G6772,G9841,G3509,G2212,G6117,G5957,G1095,G3742,G3267,G3760,G9776,G1177,G6501,G6867,G3794,G1740,G1046,G6615,GE312,G1185,G3230,G2280,G6065,G2181,G6067,G7058,G3685,G1941,G9842,G9585,G1930,G5963,G2147,G6609,G6841,G7038,G6771,G1914,GE308,G3403,G3153,G2206,G9487,G1908,G9596,G6086,G5392,G5390,G9598,GE309,G3570,G2215,G3446,G0816,G1959,G7043,G3796,G5388,GE311,G1957,G1014,G3229,G2271,G3564,G2255,G6115,G3549,G9572,G2118,G2183,G6866,G3545,G1137,G9780,G1988,GJ502,G7060,GE317,G9562,G7025,G9813,G1991,G9563,G2273,G9744,GE310,G6830,G1946,G9743,GE314,G6838,G2247,G3567,G6068,G6607,G5387,G1171,GE324,G3164,G1927,G6831,G2254,G7059,G2228,G2171,G9561,G1022,G9589,G6638,G7022,G3748,G6066,G7040,G3780,G5391,59288,G9536,G2145,G5471,G7024,G3300,G3346,G5406,G2276,G3687,G6774,G7053,G5340,G3318,G3124,G1029,59478,G2248,G6865,G3723,G1006,G6069,G1958,G7066,G7037,G7027,G6114,G3405,G7042,G9565,G3266,G3406,G7062,G1133,G2158,G9784,G9783,G9844,G6964,G7061,G2279,G3753,G6525,G2249,G3328,G1010,G1011,G7064,G3404,G3623,G6832,G9567,G5326,G9558,G6603,G3622,G5468,G3787,G6534,G5437,G1147,G1125,G5389,G2251,G5446,G7026,G9560,G5393,G2205,G3401,G9595,GJ503,G3245,G7046,G3633,G7065,GE325,G6825,G1786,G9814,G1052,G3335,G3508,G2152,G6606,G5438,G9584,G3539,G7019,G6070,G9694,G0817,G2268,G6963,G2275,G6839,G1784,G2282,G3536,G3438,G9594,G9556,G9555,G9845,G6828,G6842,G7067,G6507,G6508,G3333,GA001,G7055,G3317,GE313,G5400,G3520,GJ500,G6859,G9569,G7032,G6530,G7063,G9817,G6509,G5398,G9704,G1181,G3788,G1083,G3538,GJ507,G6536,G3338,G3320,G1007,GE318,GE321,G5327,G1775,G6862,G9557,G3719,G3240,G1773,G9781,G3749,G1774,G9564,G3730,G5467,G6840,G3516,G5316,G3683,G6524,G9488,G8231,G6850,G7014,G6829,G2177,G9695,G7002,G1138,G3151,GE320,GJ501,G5339,G3254,G9826,G7020,59475,G5474,G7049,G1779,G6957,G6958,G3662,G5424,G6960,G9566,GA002,G9715,G2140,G7045,G5470,G2250,G5439,G9848"
113.50,23.43,0.88,0.81,1539,"G3356,G1028,G3160,G9581,G3437,G9762,G9568,G9741,G3355,G3428,G9740,G9826,G9761,G9763,G1007,G3246,G3440,G1058,G3333,G9555,G9569,G9557,G3335,G3364,G0817,G9584,G9512,G9781,G1040,G3367,G9816,G3401,G9558,G9560,G9556,G3429,G9739,G9760,G3413,G1029,G3257,G3418,G9481,G9814,G9561,G3263,G9783,G9784,G3151,G3258,G9764,G3164,G3261,G3354,G9822,G9697,G3307,G3328,G9480,G9823,G9695,G9734,G3363,G9704,G9572,G3406,G0816,G9705,G3320,G9562,G1024,G3357,G3229,G1052,G1080,G3230,G9780,G3414,G9758,G1022,G9716,GA001,G3304,G3240,G9757,G9719,G3326,59285,G9585,G9707,G9694,G9817,G9578,G9776,G1006,G9759,G3103,G9774,G9528,G3127,G9594,G9766,G3419,G3123,GA004,G9767,G1008,G9703,G3303,G3446,G3143,G3262,G9486,G3351,GA002,G9735,G1059,G9841,G3251,G3321,59287,G9756,G3234,G3322,G9848,G3266,G9701,G3427,G1027,G9769,G9842,G9565,G3233,G9733,G9482,G9732,G3353,G3232,G3438,G9564,G9775,GA037,G9832,59284,G3162,G3332,G3405,G9580,G9531,G1014,G3231,G3161,G3327,G3144,G9755,G3124,G9563,G3146,G1002,G9483,G3325,G1011,G1021,G3352,G9715,G3109,G3243,G9737,GA031,G1064,G3260,G1081,G3311,G3247,G9513,G3104,G3159,GA029,G1060,G3235,G9553,GA030,G3415,G1036,G3350,G9582,G3226,G3407,G9579,GA036,G3228,G3163,G3227,G3346,G9724,G2785,G9738,G9736,G9591,G3300,G9813,G2732,G9828,G3417,G9566,G1042,G9768,G9485,G9743,G9744,GA035,G3338,G3319,G9754,G3312,G9570,G9721,G2710,GA027,G9773,GA034,GA028,G9712,G1010,G9713,GA025,G9833,G2709,GA023,G9577,G1095,G9586,G3329,G9571,G9731,GA022,G1099,G9742,G3238,G3152,G0902,GA032,G9829,G1065,G9835,G0903,G3454,GA020,G9723,G3416,G9844,G3426,G9846,GA011,G9847,G9514,G3259,G3403,G9526,G9507,G2782,G3323,GA016,59294,G1025,G9592,GA012,GA026,G2716,GA013,G9770,G3267,GA019,GA017,G3423,G9567,G9720,G9777,G3248,G9489,G3317,G8356,GA024,G9725,G9845,G8353,G9782,G9827,G3221,G3105,GA007,GA009,G1062,G9709,GA033,GA021,G9772,G1051,G1023,G9491,G1079,G9527,G3245,GA008,G8358,GA010,GA003,G2715,G1034,G3362,G3412,G9589,G9834,G3241,GR076,G9504,GA018,G1001,G9714,G1009,G1032,G8311,G1003,GA015,G9484,G1046,G3250,GR031,G2768,G9815,G9488,G3404,G3219,G3255,GA014,G5969,G9778,G9506,G9722,G9525,G2249,G3318,G9711,G9554,G3102,G2705,G3269,G8303,G3190,G5965,G3349,G3448,G1053,G9996,G9505,G3411,G9771,G3302,G1083,G6127,G3442,G6002,G3316,G3314,G9487,G1975,G8367,G1061,GR060,G3224,G9502,G9593,G3344,G1037,G9515,GR029,G9590,G1020,G6831,G1030,G3122,G6859,G9478,G1031,G3345,G9825,G1983,G3309,G9824,G9499,G9559,G2250,G8361,G9596,G9595,G2738,GL701,G9587,G9583,G1931,G6857,G2754,G3222,G2275,G3402,G3330,G9795,G6000,GS007,GR062,G9708,G3136,G1043,G5948,G1045,G1948,G1073,G3223,G3155,G1093,G2704,G3158,GS004,G9470,G1094,G9798,G9476,G9588,G3449,G6003,GS008,G1044,G5947,G3410,GS002,G1907,GS006,G1039,G2247,G6087,G2282,G3339,G3148,G9471,G3422,G9799,G2734,G8362,GS001,GS009,G1026,G9475,G3435,G3101,G9500,G6051,G5946,G3236,G3242,G6007,GS010,G6041,G9788,G3114,G5966,G1970,G3225,G9473,G9501,G9539,G1033,GS011,G9472,G3157,G2206,GS012,GR077,G9706,GS003,G1936,G9796,G9801,G3268,G9474,G2736,G9794,G3443,G1961,G9576,G2781,GS005,G6084,G9745,G1018,G3125,G9800,G3450,G6858,G6148,G6129,G9536,G9726,G9797,G6829,G1097,G9729,GS015,G3150,G9477,G9598,G3447,G1978,G5424,GR030,G3220,G3153,G1085,G1750,G3256,G1775,G3139,G2791,G3451,G3154,G2251,G9753,G3310,G1934,GS013,G2248,G6089,G9802,G1945,G6830,G1929,G9498,G9791,G3420,G3444,G9803,G3147,GS014,G9805,G3138,G6837,GR024,G6077,G6010,G6126,G6852,GR001,GR025,G1920,G5387,G6019,G9508,G1963,G9804,G6153,G1956,G1792,G6128,G1924,G1973,G2702,G3237,G3249,G9792,G5551,G3452,G8312,G5543,G9779,G1994,G9806,G2268,G8355,G3348,G2293,G2281,G3126,GR061,G1047,G8300,G3140,G3252,G3254,G7066,G1071,G2786,G6092,G6017,G6052,G1971,G6834,G3107,G3218,G2295,G1947,G6841,G1019,G6076,G1923,G6018,G5389,G8306,G1793,G1919,G1088,G9793,G6008,G1740,G9752,G3253,GR033,G6836,G9575,G1000,G1909,G6151,G7063,G1915,59087,G6816,G1995,G1755,G1912,G1993,G2789,G1982,G6020,G2279,G6050,G9510,G7060,G3129,G2272,G2276,G9807,G9789,G2711,GL710,G5956,G9730,G1921,G8352,G9597,G2219,G6045,G9573,G2240,G2292,G3119,G3145,G1992,G2216,G8357,G5564,G1082,G8304,G1962,59280,G5360,G6853,G6152,G1926,G1922,G7067,G6021,G6075,G6144,G5940,G5953,G3130,G5954,G8301,G5955,G3425,G2252,G7005,G5550,G9710,G8351,G3128,G6049,G6032,G7059,G3409,G5400,G2787,G6031,G2261,G2294,G3108,G1747,G8308,G6043,G6042,59481,G6027,G1928,G5388,G6072,G1786,G6132,GL708,G6860,G1070,G1054,G7002,G6943,G1774,G3244,G6848,G8437,G6817,G6835,G6044,G1949,G2280,G6100,G6949,G6936,G2274,G8360,G7010,G1015,G6014,G6015,G6023,G1981,G2260,G6094,G6026,G6847,G6840,G2748,G2259,G7064,G1977,G9751,GL709,G6016,G2256,G2218,G7012,GE206,G2703,G6947,G9509,G7004,G5949,G9747,G3324,G6935,G1996,G1952,G6950,G2783,59289,G2298,G5950,G8302,G7000,GE207,G3115,G2223,G6813,G5391,G6833,G3135,G6855,GE021,G5392,G1092,G6862,G2784,G1904,G3156,G3141,GL706,G1087,GE203,G2253,G5552,G3133,G6918,G9541,G3365,G6099,G3347,G2209,G9548,GE003,G1918,G8307,GR032,G5386,G6162,GE004,G8313,G1077,GE022,G5944,G1940,G5398,G2296,G6916,G6009,G6035,G5358,G9530,59288,G6800,G6948,G6867,G9702,GE213,G2222,G6832,G6036,G9518,G1935,G5357,GE002,G5413,G1941,G1964,G5425,G9547,GE023,G6112,G5404,G6923,G9838,GE032,GE030,GE031,G9839,G6839,G3106,GR039,G2233,G6946,GE001,G2201,G2227,G5431,G8327,G3113,G9840,G6937,G6843,G8535,G2701,G6001,G6053,G2788,G9540,G6071,G5432,GE010,G6163,GA006,G7008,G9837,G6934,G6838,G7003,G2221,G2210,GE016,GE024,G9746,G6942,G8320,G7062,G2245,G2270,G1069,G2267,G1939,G2297,G5951,G5390,GE202,G6037,G6806,G7001,GE007,G6025,G1913,G8334,G6952,G8366,GE009,G9544,G2288,G6039,G2737,GE011,G6844,G6022,G6046,GE204,G6938,G6915,GE008,G6074,G2290,G9532,G7065,G1063,G3369,G3117,G2204,G6130,G6944,G5967,G2286,GE012,G3131,G6814,G6120,G3424,GE015,G3118,G9765,GR041,G6933,GE013,GE029,G5385,G6866,G2299,GE025,G1773,G5403,G5406,G3203,GR070,G1925,GE014,GE006,G1086,G3134,GR067,G1057,G9543,G6954,G2234,G6805,G8354,G6093,G2289,G6038,G6064,G5359,G5542,G2232,G2713,G6967,G6850,G7061,GE005,G6951,G1989,G6804,G5361,G7013,G6851,G2773,G6842,GE019,G6097,G1937,G3112,G6812,G6807,G6047,G6909,G7014,G1908,G2238,G9727,GE216,GE239,G1950,G7011,G6810,G3210,GF811,G6953,G5384,G1779,G2273,G6801,G2224,G9545,G6939,G9728,G6054,G5945,G2714,G1967,G5412,G1705,G9750,G6802,G9717,G6803,G2745,G7058,G8350,G1972,GE220,GL707,G2285,G5383,G5429,G1932,GE217,G6849,G6941,G3120,G6966,GR075,GR069,G6924,G2244,G6040,GR027,G1056,GA038,G6903,G3132,GE240,GE018,GE026,G2291,G5435,G7006,G6960,GE238,G1910,G8557,G2220,GE205,G1965,G2202,G1780,G1049,G3137,G7016,G9533,GE219,G6073,G5397,G1988,59279,G1986,G6809,G8530,G3368,G3213,G8315,GE017,G6959,G1933,G1944,G5437,G6917,G2601,G2287,G6826,G9523,G6123,G6156,G8321,G6927,G9550,G6142,G6925,G2735,G6902,G7018,G2230,G2271,GR078,G8207,G6900,G9546,G3421,G6912,G3200,G1784,G7015,G6056,G5541,G1943,G9517,G6961,G6828,G6024,G1483,G2677,G2780,GR026,G6965,GE020,G1016,G5433,G6088,GE201,G6865,G6055,G3201,G6957,G5430,GE234,G6063,G9524,GE028,G6048,G6926,G1966,G1984,G6065,G2231,G2225,GE235,G6908,G1957,G1902,GE027,G1987,G5436,G2266,G2602,G5563,GE218,G9503,G9819,G1980,GE214,G3308,G2712,G2242,G6945,G1089,G3110,G8329,G8322,GL705,G2226,GE221,G6929,G1997,G6955,59480,G3204,G7017,G1084,G6808,G6905,G3111,G2254,G6059,GR028,GE224,G2723,G5958,G8365,G6821,GE222,G1960,G1741,G6811,G6061,G1072,G1478,G1911,G2720,GR040,G2217,G8328,G5952,G1048,G5553,G8552,GF810,G2239,G5438,GL251,G5959,GE211,G6060,G6958,G8220,G6085,G3532,G2264,G6086,G3583,G2263,G1942,GE236,G2255,G6067,G6066,G2208,G7009,G6102,G6901,GL257,G8556,G2729,G1753,G6904,G5393,G5416,G6825,G3121,G6062,G8287,G8335,G6827,G5405,GE223,GR066,G6863,G1946,G9551,G6931,G2243,G6963,G1916,G2056,GE237,G6143,G3209,G8205,GE212,G3142,G6913,G1055,G1901,G5439,G1785,G8219,G4652,G1927,GL255,G6962,G5957,G9549,G2072,GR036,G1951,G6906,G6868,GA005,G8222,G6057,GE226,G5434,G2041,G6919,GE215,G6956,G5326,G6820,G7068,G8199,GE225,G1985,G9522,GL254,G8331,GE210,G6964,G8534,G8549,G6115,G5394,G3207,GE209,G3785,G8198,G1914,GR037,G6034,G3756,GR074,G8193,G6113,G2654,G3206,G6098,G2040,G6864,G8221,G7069,G6920,G1176,G8541,G2246,GE230,G2211,G1720,G2236,G5544,G6845,GF809,G2093,G3686,GL253,G4651,GE208,G9519,G1193,G6907,G5418,G3550,G1968,GL256,G5549,GR064,G1976,G6058,G3239,G8211,G2743,G6819,GL252,G9520,G8216,G3781,G5968,G8200,G8326,G8223,G8194,G8540,GE229,G5363,G8269,G2014,G2228,G8190,G8323,G2655,G2690,G2048,G2013,G6068,G3202,G2241,G5381,GL702,G8201,G5341,G2235,G5382,GR065,G8202,G5340,G8341,G8536,G5401,G8213,G9534,59297,G6030,G3529,G6202,G7057,G5556,G4558,G5561,G5327,G2258,G1131,G3212,G2665,G7037,G3208,G3568,G5546,G5362,G8231,G8212,G8197,G3205,G6117,G7046,G6930,G6856,G2090,G5365,G2033,G6033,G6209,GE228,G6822,G6011,G3515,G2012,G2022,GR071,G6824,G1136,G1991,G2658,G6911,G2265,G2032,G3663,G8204,G2656,G6114,G8215,G5395,G5409,G2683,G3790,G3722,GE227,G6861,G5325,G1143,G3557,G1979,G2688,G1955,GR038,G1164,G3526,59088,G5422,G8206,G6095,G8546,G3728,G1783,G3664,G2659,G7048,G5554,G1170,G1930,G8342,GE308,59290,G2237,G2015,G8209,G1078,G2687,G2061,G8191,G6818,G6080,G2205,G1183,G2724,G3569,G6006,G2257,GE316,G2652,GR043,GE233,G5353,GE317,G2148,G2069,G3746,G7036,G6069,G3614,G2682,G3528,G6070,G9749,G7053,G3682,G8289,G8208,G1091,G4658,G2099,G2113,G2044,G8214,G3764,G2092,G3701,59276,G1752,G8281,GR045,G8264,GE231,G8553,GE314,G1797,G3688,G1156,GE232,G6028,G6910,G2091,G1152,G2001,G5427,G7041,G1748,G2082,G6823,G1017,G6661,GF808,G1906,G1799,G4660,GE315,G3693,G4659,G3727,G1787,G5342,GE101,G5547,G2066,G5540,G1151,GE312,G6091"
113.50,24.29,0.89,0.81,567,"G2727,G8531,G8340,G8553,G8533,GR072,G8348,G8532,G8347,GR038,G8548,G8551,G2728,59088,G8546,G2777,G8536,G2775,G8549,G2790,G2744,G8568,G8341,GR045,GR037,G8558,G8561,G8567,G8547,GR074,GR036,G8552,G8569,G8365,G2735,GR026,G4664,G8557,G4618,G8538,G2776,G8550,G2746,G9879,G4612,G8342,G2714,G4614,GR078,G4630,G8350,GF100,G1426,G4619,G2712,G8539,G2755,G2773,GR040,GR042,G9872,G2747,G9871,G2743,G1409,G2729,G4667,G8534,GR027,G2780,G4615,G4628,G4631,GR034,GR028,G9878,G2788,GR039,GF605,G8315,G8544,G8530,G8537,G8354,G8545,G4629,G2771,GF104,G1429,G1492,GF606,G1493,G4632,G2748,G2783,G4558,G1482,G8540,G9873,G1428,G9874,G2713,G1491,G2772,G4666,G9877,GF804,GR073,GF810,G8366,G8357,G9867,GF102,GR041,G2787,GF004,G4610,59082,G8352,GF600,GR075,G2745,G2789,G4620,59087,GF007,G8565,G8535,G2711,G4617,G1460,G4616,G9866,G1466,G8563,G9865,G8355,G9875,G4407,G8351,GF811,GR035,G1403,G9869,G1483,GR061,G2737,G4639,GF092,GR024,GR025,GF101,G9876,G4660,G2786,G8566,G2784,G4401,GR001,G4411,G4636,G8360,G4635,GF803,GF005,GF809,G9863,G8542,G1485,G8541,G4541,G1495,G2736,G4652,G9864,G4403,GF006,G2791,G4621,GF700,GF607,G8362,G2734,G4640,G4665,G1478,G9868,GF091,GF701,G2738,G4634,G4535,G8361,GR060,G4412,G8367,G4406,G8556,G9752,G2781,G1406,G4431,G2770,G9870,G3425,G1402,G4611,GR043,G1057,G4408,G1401,GR077,G4410,G9753,G9862,G9850,G3422,G4538,G2702,GR076,G3365,G8358,GF704,G4644,G9750,G4557,G2768,G4547,G4409,59081,G1424,G4400,G8356,G4641,G4453,G1440,GF601,G4415,G8543,GR062,G9730,G4654,GF103,G3368,G4633,G4668,G4405,G4454,G2721,G8308,GF808,G8353,G4556,G4551,G9884,G4625,G4534,G2782,G8555,G9729,G4555,G2709,G4554,G2774,59094,G2754,G4661,GF604,G2710,GF802,G1484,G8564,G9851,G3426,G2785,G9882,G9860,G9881,G4613,G1499,G9754,GF603,G4645,G4540,G9738,G9702,GR029,G4528,G9859,G3423,G8329,G4651,G8524,G4550,G2724,GF706,G1473,G3424,G2732,G1085,G1486,G8307,G4402,G4527,GR030,GF002,G1082,G1084,G1020,GR044,GF003,G4549,G9736,G1468,G1404,G4643,G9856,G4404,G2723,G4638,G3106,G1405,G9853,GF602,G9731,G4656,G9883,G4659,G1021,G9852,G1063,G9861,G1423,G3353,G9827,G9751,G4622,GR068,G4623,G8510,G1490,GR031,GF807,G2766,G4657,GR056,G8332,G8326,G9756,G4658,GF801,G8554,G9735,G3303,G9737,GF094,G3349,G3421,G4533,G4416,G3348,G1064,G8306,GF702,GF707,G9728,G1494,G3369,G1469,G9854,G1463,G4502,GF001,G4624,G3427,G8312,G9759,G3123,G3127,G8437,GF705,G8324,G8327,G1481,G4642,G9530,GR064,G9757,G9719,G2704,GF304,G1464,G4524,G4553,G4655,G1421,G9755,G9857,G3352,G1467,G1488,59280,G8325,G3350,G1080,G4531,G8302,GR063,G9732,G9727,59097,G9705,G1489,G9758,G3262,G8328,G1753,G8507,G3363,G4439,GL708,G8323,GF000,G2701,G3326,GF800,G9858,G3105,GR069,59285,G8529,G8311,G4438,G5561,G4646,G1476,G1425,G1445,G9855,G9716,G8528,G1542,G4515,GF703,G8518,G9531,G3307,G8304,GR057,G9769,G3354,G9480,G3109,G4552,G1750,G4544,G4637,GF099,G4514,G8512,G3417,G8331,G4448,G4559,G3351,GF310,G3243,G9739,G8336,G3304,G1442,G4523,G9701,G3163,G8301,G4546,G9760,G9481,G8526,G4501,GF305,G3248,G2725,G9733,G4504,G2722,G3418,G1027,G9767,G4543,G1411,G8334,G8317,G8316,G3364,G8509,G9880,GR006,G4897,G9734,G1462,G4526,GR071,G3367,G9768,G1439,G8515,G8502,G8300,G8514,GF312,G4744,GP107,G4542,GP106,GP104,G3357,G8503,G4517,G4441,G4442,G4653,G2705,G2716,G1451,GF501,GL709,G4506,G8505,G4512,G5544,G8500,GA037,GF806,G1752,G4545,GP108,GL704,G1540,GF508,G2767,G3429,G2765,G4525,G4510,GR058,G5541,G1414,G8504,G9766,G4569,G8501,G3355,GF502,G9740,G8335,G3258,G8303,GR065,GL701,G3323,G2715,G2708,G3419,G9761,GR012,57989"
113.50,25.14,0.90,0.81,329,"GF308,G4605,G4568,GF201,GF202,G1461,G1474,G4607,G1448,G1449,G4525,G1446,G1459,G1465,G4603,G4569,G1455,G4422,G4663,GF203,G1456,G4529,G4604,G4602,57988,G1452,G4608,G1425,GF303,GF200,G4517,GF000,GF312,GF703,G1454,G1418,G1411,G1417,G4609,G4552,G4647,G1445,G4560,GF001,G1463,G4439,GF300,G4562,G4519,G4444,GF095,GF205,G1437,G1442,G4438,G4553,G4546,GF204,G4526,G1405,G4441,G4442,G1439,G4404,57989,GF003,G9883,G1404,GF206,G4402,G4530,GF093,G4516,G4521,G4550,GF707,G1412,G4561,GF307,G1420,G9881,GF002,G4405,G4415,G9884,GF304,G4524,G4551,G9880,G4520,G9882,G4409,G1415,G4400,G4523,G1413,G1472,G4548,G1401,G4522,G1414,GF302,G4408,G1406,G4410,G4536,GF301,G1410,G1462,G4563,GF098,G4534,GF309,G4518,GF210,GF704,G4412,GF310,G4406,GF702,G4413,GF099,G4403,G4565,GF006,G1471,G1402,G1458,GF005,G4601,GF212,GF103,G4648,GF305,G4414,59081,G4411,GF096,G4606,G4401,G4611,G4541,G4557,G4600,G4567,G4510,G1453,G4531,G1464,G1496,GF097,G1470,GF211,G4549,G1419,G1403,GF506,G4554,G4535,G4544,GF207,GF209,GF007,G4566,G4613,GF311,G4610,GF306,G4617,GF101,GF102,G4621,G4504,G4462,G4443,G4543,59082,G4505,G4542,G4666,G4424,G4616,GF508,G4547,G4649,GF411,G4622,G4425,G4447,G8505,G4423,G4545,G1429,G1424,G4512,G8504,59090,G4556,GF401,GF104,G1451,G4665,G4662,GF208,G1491,G1428,G4615,G8503,G4508,G4667,GF502,G4620,G8502,G1409,G4407,GF705,G4661,G4509,GF503,G4564,GF100,GF500,G4460,G4619,GF092,GF507,G1443,G4612,G4533,GF505,G4501,G1492,G4664,GF004,G4503,G4614,G4540,G4507,G1435,G4625,G4639,G8501,G4466,G4511,G4618,G4538,G4628,G4453,G1426,G4528,GF412,GF501,GF410,G4527,G8569,G4454,G4630,G4467,G8500,G9878,G4450,G4506,G1467,G4431,G1468,G1450,G1440,G4555,G4668,57996,G4434,G1460,GF700,G1469,GF094,G4502,G9877,G9876,G4500,G9879,G1466,GF706,G2775,G2767,G1489,G1407,G4416,GF701,G2728,GF409,G1422,G1427,G8448,G1434,G8444,G1493,G9875,G8563,GF606,G8568,G4448,GF504,G4514,G9872,GF400,G8548,G4468,G4515,G8561,G8550,G9864,G4463,G9859,G1441,G4432,GR011,G1430,GR072,G2744,G4436,G8510,G8445,G8441,G8545,G8340,G4513,G1444,G4636,G9871"
114.40,22.57,0.88,0.81,823,"G3512,G3627,G3544,G3762,G3730,G3536,G1162,G1163,G1165,G3695,G1172,G3563,G1138,G1125,G3566,G3689,G3792,G3525,G3511,G3723,G1133,G1159,G1154,G3567,G3687,G3571,G3623,G1181,G3725,G3545,G3731,G3724,G3749,G3533,G3549,G3541,G3787,G3788,G3538,G3796,G3542,G1140,G5303,G3753,G3754,G3626,G1137,G3666,G3794,G3742,G3719,G1147,G3640,G1177,G3578,G3508,G3535,G3517,G1171,G3674,G3514,G3683,G3726,G3582,G1134,G3625,G3537,G3624,G3554,G3654,G3795,G3622,G3760,G3657,G3659,G3621,G1174,G3646,G3780,G1182,G1185,G3799,G5460,G3560,G1717,G3552,G1701,G3678,G3570,G5330,G5464,G1144,G3758,G1173,G3516,G3649,G1702,G3737,G3661,G3539,G5457,G3518,G3524,G3520,G3748,G1146,G3558,G3534,G3668,G3662,G5960,G5443,G3564,G3633,G3743,G6101,G3509,G6155,G1954,G5458,G3577,G1998,G1718,G3798,G1120,G5459,G5328,G3721,G3631,G1166,G1161,G3789,G5467,G5445,G3559,G6105,G1121,G3630,G3581,G1129,G5471,G6106,G5463,G3523,G3793,G3522,G3506,G3527,G3573,G6029,G1149,G5469,G3747,G3779,G3685,G3579,G5465,G1184,G5961,G3739,G3507,G3774,G3576,G5962,G3775,G5470,G5317,G5448,G6107,G1148,G1188,G3797,G5446,G1917,G1175,G3761,G1721,G6104,G6083,G3751,G3773,G6154,G5468,G3696,G6103,G6081,G3580,G5477,G1135,G1735,G6096,G1959,G3778,G3691,G3519,G1905,G3510,G1180,G3547,G1130,G3698,G3791,G5336,G5447,G3776,G6110,G3732,G5313,G3658,G6078,G3669,G3572,G3713,G1974,G3562,G5442,G5335,G3645,G3553,G3620,G6090,G3513,G6082,G5466,G6079,GL510,G3752,G3634,G5475,G3543,G3740,G1990,G6012,G3501,G1155,59493,G1953,G5963,G6131,G3684,G5472,GB060,G6013,G1190,G1178,G5441,G6005,G3648,G5964,G3750,G6091,G5440,G3551,G1186,G5474,GL512,GB031,G5449,G5476,GL509,G5521,G3565,G3757,G1958,G6028,G3561,G3766,G3504,G3783,G1906,G1187,G5473,G5461,G6080,G3744,G3720,G5308,G3675,G3617,G3574,G5456,G5451,G3641,G5503,G3653,G5454,G1955,G1706,G6095,G5339,G3548,G5344,G6006,G1930,G3694,G3738,G1979,G5316,G3647,G3503,G1733,G1195,G6069,G3784,G3540,G6011,G3701,G5302,G3635,G3693,G3555,GL505,G3764,G3546,GL513,G3703,G6033,G6070,G5343,G5338,G6117,G6030,G3727,G1164,G1991,G3530,G3618,G5415,G5510,GL511,G5502,G3528,G1142,G3585,G5315,G6114,G3718,G5444,G5320,G3697,G3722,G5312,G3765,G3714,G5321,G1156,G3502,59486,G3717,G5450,G3692,G1968,M0004,G3619,GL504,G6068,G3759,G3531,G5337,G6098,G3650,G5340,M0003,G3521,G1153,G3702,G1196,G1170,G1197,M9988,G6034,G1976,G3569,G1179,G3515,G6113,G5342,G1132,G1183,G3556,G1189,G5307,G1914,G1722,GL516,59298,G3715,G3699,G5322,G6115,G1951,G1143,G3733,G5327,G1916,G1739,G3728,G1719,G3682,G5504,G5957,G3643,G3529,G6102,G3671,59492,G6062,G5519,G3686,G1734,G5515,G3790,G1145,G5452,G3568,G3768,G5306,GL502,G5325,G5300,G1942,G5341,G1927,G3575,G5326,G1946,G6067,G1176,GL503,G6061,G5305,G1131,G3704,G6086,G1193,G1716,G5455,G3664,G5959,G6066,G1139,G5506,G5323,G1151,G1710,G3756,G3734,G1720,G1902,G1980,G3785,G3532,G5393,G3557,G3680,G5523,G3681,G3636,G3688,G3550,G1984,G6024,G5345,G6063,G1191,G6085,G1943,G6065,G3656,G1987,G5958,G1957,G5438,G3663,G1986,G5439,G3746,G1711,G3628,G3583,G1124,G6057,G1116,G5462,G1152,G6040,G1965,G6073,G3781,G6156,59490,G1126,G1972,G5522,G5395,GL508,GL506,G1824,G1944,G5945,G1910,G1988,G3526,G1950,G6060,G1194,G3614,G1937,G6058,G5311,G1818,G1136,G1960,G5422,G5437,G6048,G1712,G3655,G5394,G6038,G1784,G1119,G3629,G1114,G6093,G1908,G1925,G6064,G1714,G5517,G1932,G5968,59297,G6047,G5301,G1741,G1799,G5309,G6074,G3673,G6039,G6219,G1911,G1933,G6022,G5310,G3769,G1913,G1985,G1277,G1939,G6123,G6025,G1859,G3979,G1866,G3637,G5396,G6037,G5406,G5500,G5390,G1798,G1797,G3632,G1115,G5418,G6059,G6046,G9748,G6035,G5944,G1779,G1118,G3978,G6036,G1941,G1940,G1780,G3977,G1122,G9535,G6120,G6009,G3741,G9749,G5412,G1901,G1715,G1773,G5397,G5501,G1952,G1091,G6163,G1117,G6143,G6016,G3638,G1918,G1821,GL251,G6054,G3615,G9818,G5392,G1127,GL256,G6026,G6014,G1977,G6023,G3976,G6015,G1703,GL257,G6094,G6001,G6055,G1981,G5361,GL507,G5436,G9520,G3660,G6162,G3735,G5409,G3208,G3212,G5391,G9534,GL255,G3670,G3975,G5952,G1949,G1928,G9521,G1997,G1791,GL254,G9718,G6027,G6043,G5398,G6044,G3665,G1747,G5405,G6144,G6021,G1826,G3642,G3755,G2073,G5379,G9574,G3211,G1962,G1294,G1992,G6042,G9519,G5388,G1935,G5404,G1705,G6056,59289,G5359,G1017,G1964,G1211,GL253,G3974,G1743,G6099,G6020,G3613,G1864,GL252,G1966,G1744,G1993,G1912,G6130,G6088,G1123,G6097,G5954,G5357,G5955,G6132,G5953,G6071,G6076,G1921,GN040,G5435,G1786,G6045,G1793,GL501,G6142,G1922,G1995,G1740,G9552,G3652,G1227,G5956,G1774,G5425,G1229,G3644,GN006,G5400,G6210,GN007,G2074,G9549,G6112,G1923,G1973,G1989,G1072,G1909,G5363,G3202,G9503,G1787,G1707,G6053,G1792,G1090,G5413,G1994,G6050,G5940,G5314,G2052,G5434,G6092,G6049,G5507,G1963,G5380,G5417,G3973,G5639,G6052,GN008,G5389,G1996,G5401,G1243,G1128,GN005,G1282,G1967,G6077,G1934,G6100,G3154,G1783,G5387,G6032,G3121,G1924,G3998,G5512,G1078,G6010,G1971,G1920,GN009,G2045,G2089,G9522,G3201,G9550,G6017,GN004,G5416,GN010,G3153,G3239,G5427,GS014,G5362,G6148,G5378,G2043,GS013,GN002,G2049,G5358,G1742,G1285,G9598,GN012,G1961,G9533,GS015,G6031,G3308,G1204,GS005,G5951,GS003,G3205,G1978,G1915,G1904,G1244,G6200,G1236,GN015,G3972,G1228,G9536,G1982"
114.40,23.43,0.88,0.81,898,"G1745,G1788,G1748,G5374,G5410,G5427,G1742,G5417,G1704,G5375,G5381,G5399,G1787,G5365,G1783,G5380,G1789,G5382,G5373,G5362,G5356,G5353,G5402,G5378,G5366,G5371,G5376,G5401,G5411,G5324,G1785,G1743,G5372,G1746,G5350,G1749,G5363,G5414,G5367,G5355,G5549,G1744,G1796,G5419,G5352,G5434,G5364,G5416,GL252,G5407,GL253,G1791,G5409,G5354,G1713,G1794,G5351,G5408,G5423,G5433,G5369,G5370,G5368,G5379,G1798,GL705,G5546,G5430,G5396,G1797,GL254,GL256,G5383,GP004,G5405,G5428,G1715,GL255,G5301,G5384,G5429,G5377,G1714,G1799,G5540,G1790,G1712,G1501,GL702,G1781,G5385,G5418,GL257,G5311,G1782,GL251,G5563,G5554,G5403,G5553,G5422,G1795,GL707,G5435,GL703,59297,G5431,G1572,G5432,G5436,G1711,G4801,G5310,G1703,GP201,G4975,G5395,G1507,G1710,G4843,G1705,G5323,G1716,G5386,G5394,GP003,G5542,G5305,G4708,G5309,G1523,G5314,G5547,G5300,G5359,G5358,GL706,G5452,G5306,G5556,G5397,GP001,G1580,G1719,G5462,G5345,G5550,G5413,G1586,G1591,G5322,GP005,GP002,G1780,G5361,G5425,G1741,59298,G4803,G5412,GP203,G5307,GP202,G5357,G5360,G5337,59290,GP200,G5325,G5552,G5541,G5312,G5543,G1779,G4734,G5455,G5439,G5404,G5320,G4706,G5564,G5342,G5315,G1720,G5500,G5321,G1588,G5545,G1773,G1506,G1508,G4733,G5341,G1587,G5551,G4902,G1582,G1722,GP514,G5544,G3147,G4805,G5343,G1784,G1755,G1595,G5398,G5302,G5450,GL710,G3150,GL709,G4856,G5438,G1774,G3268,G1598,G5451,G4822,G5327,G5517,G5437,G5338,G5308,G5344,G5393,G1509,GP206,G5400,G5444,G3148,G5473,G1752,G5326,G1786,GL508,G4731,G5456,G5406,G1573,G1592,G5476,G1061,GP210,G1502,G5454,G5424,59492,G5339,G6066,GL704,G5316,G1526,G9593,G5391,G6070,G1527,G1988,G5389,G1775,G1927,GP006,G1571,G1946,G5472,G1957,G5340,G5440,59293,G1908,G9727,G5390,G6114,G4900,G5441,G1753,GL701,G5449,G5461,G6086,G6068,G5474,G1517,G6115,G5392,GL506,GA033,G6065,G5561,G3269,G1941,GL708,G5388,G9592,G6067,G6069,G5504,G6025,G5475,GL514,G1991,G1914,G1750,G5957,G5387,G9530,GA032,GL504,G6073,G1083,G3369,G1980,G9728,G1065,G9595,G9536,GP213,G5507,GP214,G1739,G6064,G6113,G6022,G6063,59294,GP510,G1733,GA034,G1965,G5466,G3421,G1958,GA035,G4901,G1940,G3323,G1740,G5515,G5447,G1977,G1747,G6117,G1939,GL507,G1951,GP208,G1930,G3317,G9598,GA036,G3153,G3245,G4973,G4969,G9553,GA030,G6026,G5442,G5448,G1519,G1721,G3248,G3247,G3318,G1063,G1925,G1793,G6095,G5944,G1792,G9751,G6027,G6023,G3348,G1060,G3338,G6074,GA031,GP209,GA029,G1972,G1962,G5465,G5470,G3106,G9596,G5469,G1912,G6011,G6098,G5477,G6021,G1476,G5463,G1596,G6016,G5522,G5468,G1986,G1979,G6030,G5963,G6040,G1084,G4669,G6144,G3424,G5446,G6020,GP509,G1475,G1594,G1503,G1731,G6005,G1516,G1576,G4735,G1950,G1597,G3105,G1902,G1928,G4658,G5445,G6080,G1937,G3163,G9583,GP211,G5513,G3122,G6102,G9702,G6024,G6038,G6039,G6076,G6014,G1992,G1082,G3154,G5467,GL505,G1952,G3321,G3300,G3143,G1578,GA037,G5443,G1959,G5458,G4736,GP507,G4651,G6131,G9743,G9744,G5945,G1974,G6035,G5459,G1528,G3267,G1916,G5964,GL509,GP508,G3662,G3243,G1993,GA002,G6082,G6015,G3349,G1934,G1955,G6061,G5501,59097,G1973,G6043,G6079,G4659,G5457,G6093,G5471,G9733,G3633,G3368,GP506,GP212,G1423,G5464,G3124,G3103,G5508,G1943,GF807,G1702,G6094,G6091,G3520,G6083,G1913,G4655,G1421,G4559,G6148,G9531,G1085,G6078,G3516,GF800,G9750,G6034,G5313,G5460,G3685,GP205,G1581,G1981,G3539,G1984,G6028,G6090,G9594,G6081,G3266,GP505,G6062,G3350,G3646,GF801,G3657,G1961,G1963,GS001,G1968,G6036,G6009,GF806,G3365,G3351,G3795,G1057,G1707,GS002,GS003,G6037,G1942,G1717,G6012,G9730,G3319,G3748,G1948,G3654,G1905,G1953,GL501,G3564,G1020,GA001,G1023,GS005,G1518,G9827,G3537,G3261,G1949,G5328,G6077,G1995,G6042,GS004,G5961,G3320,G1994,G3357,G6033,G5521,G9755,G5502,G4657,GS006,G1910,GP204,G3683,G5336,G1701,G3509,G1504,G9732,G5317,G9729,G3622,G1987,G6156,G9704,G1990,G9764,G5512,GS008,G4653,GS015,G1718,G1478,GF808,GS013,G1921,G3304,G1923,G3425,G6047,G1918,G1976,GL512,G3780,G5959,G6010,G1936,G6044,GS007,GP218,G6155,GF805,G1521,GP500,G1505,G6104,G1064,G6096,G3151,G6045,GS009,G1978,GS014,G1944,G9734,GS012,G3144,G3754,G1920,GS011,G6013,G6092,G3508,G6107,G1954,G9731,G3542,G6041,GA025,G3570,G6006,G1909,GA026,G3719,G1917,G4652,G5956,G5303,G6154,G6106,G6029,G4894,G5953,GA017,G5954,GS010,G1924,G5955,G5965,GA028,G1022,G3152,G6110,59285,G9752,G9716,G6051,G3731,GA020,G6052,G6101,G1922,G3429,G1906,G4824,GA027,59304,G3538,G3423,G1932,G6105,G6103,G6046,G3661,G5958,G9512,GA013,G1589,G5330,GP104,G1147,G3788,G4654,G9753,G3427,G6050,G1164,GA022,G1171,G3328,G1185,G6162,GA011,G3749,GF809,G3326,GA019,G5962,GP513,GA021,G1512,G3532,GA023,GB031,G4846,G1126,G6163,G6132,G4968,G9763,G1570,GA016,G4650,G1481,G1181,G3722,G3753,GA012,G1998,G1971,G9556,G5505,GA010,G9481,G1515,G4740,G1931,G3760,G2784,G3678,G1483,G3787,G9480,G3732,G3322,G2737,59289,G6085,G6089,G9585,G6017,G1866,G3686,G8360,G1148,G3307,G3422,G9562,GF811,G5969,G6120,G3428,GP504,G3792,G3791,G9776,G3750,G9784,G9783,G6001,G1983,G3701,GA015,G1540,G3649,G9557,G4624,G5940,G4892,G3655,G3229,G2732,GA024,G6084,GA009,G3615,G3689,G6048,GL516,G1970,G3764,G9761,G3623,G5960,G5511,G3367,G3656,G9760,G3127,GP217,GP215,G9560,G1176,G1062,G3515,GP503,G4971,G3541,G9741,G1163,G6007,G6049,G4821,G1138,G3146,G1933,G3528,G3583,G1734,G3621,GF802,G1137,G3507,GP221,G5509,G3783,G1165,G3737,GP216,G3543,GA008,GP105,G3559,G3510,G6099,GA018,G3513,G1935,G1522,G9558,G3529,GF091,G3554,G3756,G1194,G3744,G3693,G9584,G3571,G9762,G1193,G1956,G0817,G9735,G4972,G3695,G9826,G4825,G6000,G3162,G1945,G1007,G1915,G9759,G6123,G1116,GF810,G3355,G3560,G1170,G3743,G4660,G0816,G5503,GP219,G6032,G2782,G3624,G1128,G3785,G1864,G3741"
114.40,24.29,0.89,0.81,481,"G4742,G4897,GP105,G4899,G1540,G4847,G4740,G4846,G4896,GP115,GP107,GP112,GP104,G1488,59096,G4895,GF805,GP106,G4748,GP113,G4650,G1546,G4642,G4653,G1542,GP114,G4624,G4623,GF806,G9852,G1481,G4638,GP111,G9853,G4656,G9855,G9854,G4845,GP108,G4894,G1473,G4744,G4637,G1486,G4559,G9851,GP103,G4893,G9861,G1490,G1499,GP110,GF604,G1544,G1475,GF800,59094,G4669,G1548,G9860,GF602,GF802,G4641,G1528,G4657,G4891,G4655,G1421,G1541,G4898,G1543,G1519,59097,G4645,G9850,GP209,G9857,GP102,G4644,G9856,GF801,G9870,G4892,G9868,G4640,G9858,G1476,G1494,GF607,GF601,G9862,G4643,G4633,G4634,GF807,G4741,GP109,G1495,GP101,G1485,G1518,G4654,G1517,GF603,G1554,GP215,G1484,G1423,GF091,G4743,G1515,G4635,G4759,G4659,G1545,G4646,GP205,GP204,G4862,G4756,GP305,GF808,G9869,G4658,G9866,G9865,GF803,G9859,G9863,G1547,GP211,GP303,G4971,GP206,GF600,G4831,G1557,G4754,GL704,G4833,GP212,GP214,GP210,G4970,G4636,G1516,G9867,G4515,G9864,GP219,G4660,G1521,GP218,G4514,G1444,G1752,G4416,G4448,G4739,G9874,GF804,G4651,G5561,G4632,GP208,G1489,G5545,GP304,G4933,GP313,G4969,GP202,G9873,GP203,GP200,G4629,G1556,G4734,G4755,GF094,G4502,G1482,G1512,G9875,G1469,G1468,GF809,G4668,G1559,G1440,GP213,G1513,G8544,GF605,G1520,G4856,G4431,G4805,G1467,59099,G4652,59290,GP216,G4454,G4527,G9876,G4753,G1753,G1523,GP306,GP006,G4631,G1084,G5544,G4528,GP300,G5547,G4733,G4558,G1478,G4752,G2755,GP217,GF606,G4453,G1493,G9871,G1506,G4832,GP201,G8539,G2746,G4973,G4625,G4975,GP314,G4506,G3421,G9877,GP220,G1514,G5556,G3368,G2776,G4758,G4731,G1526,G4843,GL703,G4968,G1527,GP302,G9872,G4858,G1509,GP005,GF810,GF501,G4533,G9750,G1522,G9728,G4861,G4639,G4757,GP308,G1483,G4500,G2743,G8550,G4751,G1508,59293,G1502,G4661,G5554,G4708,G9727,G1503,G8534,G3424,G5540,G1063,G1057,G4501,G1550,G1552,GP307,G3369,G5541,G9878,GP312,G8558,G4513,GF811,G4920,G1441,G4859,G2729,G3106,GL702,G9879,G4706,G1450,G9702,GP207,GR028,G1551,GF504,G4854,G4735,G5423,G4803,G9530,GP309,G4665,GP222,G1504,G4855,G2737,G4628,G1424,G4972,G3365,G5354,GR045,G1492,G1580,G4503,G2790,G4620,G1536,G4622,GF503,G4507,G5546,G4801,G2744,G9751,GF505,G5553,G2780,G5364,GP301,GP311,GF502,G4630,G5369,G4750,G4860,G2713,G1553,G2712,GP221,G1511,G5355,G1451,G8366,G1571,G1507,GF500,G8551,G5563,G2784,G5367,GP510,G1082,GR027,GL708,G1524,G4736,G1590,G4512,G4508,G8341,GP001,G1501,GP445,G4511,G3425,G4662,G1558,G4613,G5370,G9730,G8360,GL709,G1491,G5542,G4919,G8569,G1428,G8354,G8365,G5414,GP310,G4852,GR078,G4958,G5402,59090,GF508,G4618,G5366,G5552,G5356,G4621,GF409,G3348,G1564,G4956,G4504,GP444,GL707,G5549,G1555,GP004,G5353,G4468,G9752,G1796,G1427,G4915,G4837,G5408,G4531,GR072,G4509,G5373,G1790,G4616,G4710,G1781,G1443,G1434,G5372,G4835,GL705,GR026,G1085,G1531,G4450,G5428,G1595,G8351,G4863,G1789,G4957,GL710,G8350,G5371,G4436,G4918,G4455,GF101,G5368,G1409,G4715,G9729,G1576,G1505,G4718,G8553,G1750,G5365,GF103,GF412,G4910,G1794,GP460,G1795,G2735,G4611,G4925,57996,G9753,G1510,GF104,G4615,G4839,G1749"
114.40,25.14,0.90,0.81,230,"G4459,GF405,G4432,GF400,G4463,G4455,G1431,G4436,G1422,G4464,G1407,GF406,G4468,G1434,G4449,G1427,G4452,G4458,G4434,G4435,GF409,G4461,57996,G4433,G4450,G4467,GF404,G4466,G1432,GF403,GF412,G4456,G1430,GF410,GF408,G4451,GF504,GF407,G4513,G1441,G1433,GF507,G1435,G4511,G4460,G1443,G9885,G4465,G4509,G1450,GF401,G4457,G4507,GF402,G4503,GF500,G4500,GF411,G4505,GF505,G4447,G4462,G4508,59090,GF503,G4662,GF502,G1496,GF506,GF501,G4506,G4414,G4512,G1451,G4425,GF508,GF306,G4501,G4443,G1444,G4423,GF301,G4510,G4413,G4504,G1419,GF309,G4522,G4424,G1453,G4448,GF302,G4514,GF305,G4520,G4515,G1467,G1489,GF311,GF310,G1420,G4533,G4502,G1469,G4531,G4530,G4523,G4646,GF094,G4416,GF307,G4622,57989,G1468,G1437,G4527,G9858,G4444,G4528,GF300,G4442,G4441,G1439,G4526,G4661,G4524,GF304,G4521,G1494,G4625,G4744,G4613,GP110,G9857,GP108,G1442,G4454,G9859,G4668,G4453,GP109,G4637,G4891,G1557,G1440,G1424,GF093,G4438,GF303,G4643,G4529,G1544,G4431,GP313,G9855,GF312,GF603,G4862,G1484,G1455,G1445,GP312,G4665,G4422,G9856,G4748,GP113,G4439,GF103,G4845,G1446,GP106,G1417,GF002,GF602,GP114,G1490,G1542,G9882,G1452,GP115,G9854,G4621,G4611,G1465,G4633,G4525,G1550,GP107,G4757,G9861,GP300,G4645,G4639,G9864,G4759,G4833,G1448,G9876,59096,GF601,G4756,G1402,G1449,G1459,GP311,GF001,G1418,G1425,GP307,G4896,G4832,G4899,G1546,G9862,G4754,G9860,G4620,GF308,G9875,G4636,G4753,G1590,G4410,G9863,G4400,G4642,GP111,G1486,GF101"
115.30,22.57,0.88,0.81,323,"G1808,GN033,G5690,G5618,G5602,59501,G1813,GN027,G5616,G1801,G3652,G1805,GN029,G1854,G5686,G5689,G1811,GN032,GN028,G1814,G1807,GN011,G1810,G1830,G3613,G5601,G5669,G5666,GN030,G5603,GN013,GN008,G3665,GN012,GN009,GN007,G3735,G5620,G1127,G1114,GN010,G1826,GN034,GN017,G1122,G5622,GN016,GN014,G1819,G3673,G1824,G1879,G5523,G3632,GN040,GN006,GN003,GN005,GN015,G3638,GN004,G1118,G5672,G5673,G3769,G1119,G3628,G5604,GL502,G3670,G1817,GN001,G1803,G1816,G1863,GN031,G5639,GL503,G3660,G1115,GN002,G3755,G1859,G5506,G3629,G1117,G1822,GN021,G5519,GN018,G5510,G5415,G5640,G5678,G1821,G1124,G1880,GN020,G1818,GL511,G3637,G3642,G5623,G5605,G3741,GN019,G1123,G1834,G1116,G1882,G1194,G1886,GN024,GN023,GN047,GN022,G3644,G1872,G1864,G5625,G1706,G1827,G1828,G3655,G3656,G3615,G1734,GL513,G1847,G1866,G1128,GL516,GN046,G5624,G1126,59500,G1873,G1868,GN037,G5503,G5643,G1825,G1843,GN041,G5638,G5335,G1892,G1820,G5626,G1883,G5667,G5668,GL510,59502,G5636,G1735,G5671,G5670,G5502,G1881,G5635,G5642,G1835,G1804,GL501,G5512,G1815,G5509,GL512,GN036,G1858,G1707,G5501,G5521,G1845,G5607,G5628,G5641,G5637,GN045,G1832,G5608,GN049,GN048,GN025,GN039,GN043,G5520,G5522,G1841,GN038,G5336,G5631,GL505,G1836,G1730,G1823,G1848,G1849,GN044,G1865,G5516,GN026,GL509,G3668,G1844,G5317,GN053,G1878,G1877,G1870,G5313,G1837,G5632,G5505,G1842,G3625,GL515,G1856,GL507,G5508,G5515,G3624,G1885,G1718,G1739,GN052,G3582,G5330,G1731,G5614,G1875,G3666,G5328,GL506,G3674,G1134,G5511,G5513,G5504,G1840,GL504,G1140,G3724,G3533,G1806,G5507,G1853,G3626,GN051,G1733,G1893,G5680,G5633,G1838,G1851,G3640,G5692,G2954,GN042,G1159,G1701,G1876,G3541,GL508,59492,G3571,G3525,G5679,G5613,G3511,G1154,G5477,G3566,G5442,G5517,G8955,G1172,G3725,GV014,G1894,G3563,GN054,G5634,G1717,G1162,G5629,G5461,GN050,G9013,G8906,G2972,G5459,59503,G1575,G5611,G1869,GV001,G1585,G3695,G8908,G5466,G2902,G5500,GV011,GL514,G3689,G3512,G8944,G1833,G2952,G2951,G5449,G5458,G5303,G1802,G5444,G3762,G1165,G8948,G5454,G1702,G9011"
115.30,23.43,0.88,0.81,620,"G1593,G1574,GP511,GP513,G1585,G4821,G1569,GP512,GP502,GP500,G1575,G4828,G1584,G1642,G5129,GP504,G5158,G5511,GP506,GL515,G1581,G1861,GN054,G5692,G1577,GP507,G1578,G5516,G5505,G1589,G1594,G5614,G1730,GN055,G1570,G5520,G1647,GP503,59304,GP508,GN038,G1596,GN039,G4824,GP501,G1823,G1851,G5637,G1874,G1862,GN050,G1865,G1583,G1858,G1852,G4825,GN036,GN056,G1876,G1597,GN051,G5508,G5509,G5615,G5642,G4900,G5613,G5513,G1856,G5641,GP505,G1802,G4901,GL514,GM402,G1883,G1614,G1885,G5679,GV314,G1731,GN052,G1815,G8923,GM403,G1643,G1573,G2932,G1881,G5638,GP509,G4737,G5628,G1592,GN053,G1820,GM408,G1825,G2967,G1576,G1850,G4822,G1598,G1860,G1525,G1505,G1848,59500,G1841,GN037,G5512,G1613,GV312,G1588,G5630,G1853,G2935,G1648,G1835,G4902,G5629,G5507,G1707,G8935,GP514,G1582,GN041,G1646,G5041,G1884,GN035,GL501,G1828,G1875,G8936,G5625,G1886,G8933,G1587,G4974,G1832,G4736,G1595,G1872,G5624,GP002,GP400,G5623,GN022,GP510,GV306,G8926,G1882,G4940,G5678,G1128,G5605,GN048,G1586,G8906,G1591,G5607,G1510,G2939,G1827,GL507,G9013,GV310,GN019,G1870,G1571,59306,G4927,G1565,GN024,G1847,GM409,GN020,G2933,GN023,G3644,G5501,G1816,GN046,G1863,GP003,GN021,GV213,G5604,GN047,GV313,G4735,GN018,G5626,G8931,G8902,G8925,G1864,GV309,GN002,G5640,G1803,G1615,G1873,GN001,G5128,G4957,G2960,G1817,G1504,G5632,G1123,GN044,GN031,G5639,G4925,GP221,GM407,G4713,GM405,G5314,GN003,GN015,G1572,G2902,G4935,GN004,G1836,G2968,G3615,G9014,G3642,GN017,GN026,G1610,G5040,G4929,GN014,GN016,59502,G5622,G1782,GV317,GN005,G1524,G8934,G2981,GP001,G5131,G1503,G1795,GN030,GN010,G3755,G5601,G1892,G5603,GN025,GN013,G8921,GN006,GN012,G4972,G8918,GN009,GP408,GV305,G8909,G4934,G5377,G1830,G8904,G1821,GN011,G2931,GN040,G1814,G1537,G3741,G2966,G1822,G1819,G1866,G3660,G1834,G8908,G1640,GN008,59293,G4936,G2936,G4926,GN007,G8932,G5522,GV301,G1117,G3670,G4706,G5500,G4803,G1502,G4937,G1781,G1580,GL506,G5517,GV303,GM410,GV209,G5635,G1854,G1790,G1507,G4956,G1807,G1826,G4712,G4938,G5428,G3637,G5608,G1849,G1511,G1612,G3613,G4928,G3638,G5224,G2980,G1564,G1527,G5602,G1868,G4973,GL508,G1115,GV304,G3655,G3665,G1661,G1880,GN032,G1703,G1649,G5351,G1813,59303,G1526,G1869,G5148,GM404,G2934,G9011,GP207,G3735,59501,GP222,G1509,G1126,G1508,G1713,GN034,G1859,G1568,G2963,G1127,G4731,G4968,G1118,G5616,G5407,G3652,G1894,GP004,G1501,G5368,G4801,G2945,G2937,G2940,G1794,G1522,GM406,G1122,G1194,G1838,G1818,G8901,G3632,G4939,G5419,GV316,G5352,G3629,G5690,G8929,GN049,G1644,GN033,G4958,G3769,G4715,G2964,G4718,GV204,G1611,G1609,G1844,G5408,G8919,G9019,G4814,GP424,G8922,G5515,G3656,GP006,G1116,G1845,G4941,G1843,G5620,G5350,G2961,59107,GM760,G5309,G1805,G8905,G1746,G5643,G8927,GP213,G1739,G1840,G1119,G5504,G3673,G1124,GP217,GV212,G1749,GV308,G5130,GP005,G4924,G5370,G1645,G2962,G4708,GV307,G5310,G5376,59492,G5379,GN028,G1796,G1506,G4969,G5324,G2982,G5411,G8907,G4921,G4733,G8924,G1114,G5042,G1806,G5667,G5668,G5636,G4920,G2952,GV214,G5372,G1512,G5462,GP216,GV315,G5139,GP208,G1801,G2930,G4907,G1715,GL504,GV206,G4955,G1514,G1734,G3628,G1641,G5371,GM401,GV001,G5672,G5673,G9012,G1824,G5455,GV217,G8914,G1744,G4856,G1879,G1893,GV010,G1704,GV302,G2948,G5378,G4835,G4805,G5502,GL516,GN045,G8944,G1535,G5680,GL505,GN029,G5375,G5618,G1808,G5506,G1791,GP220,G9018,G5399,G1516,GP218,G4919,G5345,G8955,G1521,G2965,G5414,G5369,G1532,G1789,G5666,G5669,G2903,G2954,G1536,GP212,GV205,GV203,G8965,G1513,G2938,G8958,G4923,G5410,G1634,G4843,G1842,GV311,G5373,GN027,G1733,G1722,GM752,G2949,GP211,G8911,GP214,G1743,G2975,G1804,GL503,G1632,G5125,G5631,G5380,G4710,G5519,G5523,G5113,GV014,G5374,G1788,G8928,G5444,G1742,G2926,G9020,G8910,G5450,GM255,GV202,G4953,GL509,G1810,GP205,GN043,G8948,G5689,G5686,G4739,G1811,GP204,G8900,G5366,GP219,G4954,G5521,G1520,G1633,G8964,G2987,GP453,G4841,G4734,GV011,G1638,G5633,G5157"
115.30,24.29,0.89,0.81,435,"G4836,GP449,G4918,GP448,G4837,G1531,G4711,G4841,G4952,GP453,G4710,G4916,GP444,GP452,GP445,G4839,G4915,G4959,G1535,G4953,G1553,G1563,G4835,G4811,G4919,G4717,G1561,G4921,G1567,G4955,G4911,G4923,GP456,GP309,G4855,G4951,G4750,59107,G1534,GP460,G4922,G4859,G4941,G4814,G4913,G1536,G4852,G4718,G4715,GP424,G1555,G4840,G4924,G1552,G4939,G1532,G4751,G4854,G4917,G4910,GP468,G4958,G4909,G4928,G1562,G4858,G4938,G4954,G4914,GP440,G1568,G1611,G4812,GP308,G4714,G4712,GM255,G4907,G4937,GP314,G1564,G4912,G4950,G5101,G4860,G4926,G4920,G4758,G1533,GP476,G4934,G1537,G4956,G4838,GP408,GP481,G4752,G4948,G1558,G1551,G4936,GP306,G4863,GM257,G1511,G4947,59109,G4935,G4949,G4713,GM410,G1530,GM401,G1566,GP301,GP220,GP222,G4925,G4929,G1556,GP302,G4946,G4945,G5100,G5127,GP304,GP207,G1514,G5102,G4861,G4933,G4957,G1520,G5107,G4755,G4927,G1565,G4815,G1630,GP480,G1524,G1645,GM253,GM258,GP310,G4908,G1559,59099,G4940,G4942,G5110,GM405,G4816,GP400,G5108,G1513,G1522,G4972,G1510,G4943,G5040,G1635,G1538,G4753,G1590,G4739,GM260,G4832,G1547,G5126,GP307,GP221,GP216,G5124,GP217,GM259,G1637,G1633,G1634,G4970,G4817,G4903,G4974,G4813,GM254,GM256,GP311,G4831,GP305,G5109,G1560,G4757,G1550,GP219,G4968,G4904,G1640,G1545,G4743,GP300,G1636,G5041,GP303,G5113,G1554,G1525,G4754,G4944,G1512,G1609,G4905,G5104,G4906,G5212,G4971,GM406,G5105,GM102,G4719,G4737,G5103,GP312,G4741,G4833,GM262,G5009,G1504,GP101,G5111,GM551,G4756,GP215,G1643,G1638,GM104,GP218,G1521,G4759,GP102,G1515,GP313,GM252,G5128,G1543,G5120,G5224,GM251,G5008,G1683,G1541,G4892,G4898,G1505,G5132,G1644,GM101,G1649,59303,G4862,GP204,G1548,G5106,G4893,G1583,G4825,G1631,GP103,G1557,G5219,G1613,G5021,59106,GP212,G5204,G1615,G1503,G1682,G5221,G4736,G1518,G1626,GP205,G4735,G5148,GM408,GP501,G1696,G5208,G1632,GM557,GP503,G1623,G1681,GP109,G1516,GP505,GP111,G1604,G5131,G4973,G5122,GM109,GP211,G4824,GM409,GM402,G1570,G1684,59304,G5213,G5020,G4969,G5042,G1686,G1576,GM116,G4894,G1577,G1612,GP208,G5003,G1589,G1690,G1680,G5218,GP509,GP213,G4895,G4891,G5209,GP510,G1544,G1646,G1625,G1546,G1695,G1647,GM115,GP112,G4845,59293,G5211,59117,GM553,G1614,GP504,GM407,G1685,GP214,G1527,G1629,G4650,G1526,G5130,GP006,G1502,G1694,G1597,G1571,G1528,GM107,GP114,G1602,GM108,G1627,GM261,GM552,G1610,G5214,G4731,G4847,G5005,G1692,GM404,G5123,GP110,59096,G4896,G1601,GP502,G5031,GM658,GP508,G5133,G1509,G1605,G5135,G5058,G1600,G1648,GM106,GM403,G1584,G5222,G5125,G1641,G1603,G4901,GM005,G1581,G1699,GM554,G1608,G5156,GM110,G1607,GM760,GM555,G1642,G4821,G1508,G5032,G5121,GP512,G4856,G1671,GM654,GP210,GP209,G4706,GP113,GM006,G1506,G4805,G4742,G5059,G4748,G4733,GM003,G5207,GP507,G4740,G5036,G1688,G1574"
115.30,25.14,0.90,0.81,139,"G4719,G4906,G4904,G4905,G4817,G4813,G4903,G1538,G1560,G4944,G4942,G4816,GP480,G4815,G4943,G4908,GF402,G5123,G1590,GP310,G1530,GP311,G4457,G9885,G1566,GP312,G4863,G4946,G4945,GP481,G4838,GM259,G5133,G4947,GF407,GP476,G1550,G4465,GM553,GM554,G1684,GP307,G1558,G4451,G4912,G5214,GF408,G5208,GP301,G4757,G1433,G5058,G4909,G5217,G1432,G4910,G5206,G1687,G5122,G1682,G4433,G4714,G4860,G5107,G1551,G4461,GM555,GP300,G1680,GP460,G1555,G4832,G4861,G4852,GF404,G1567,G4911,G5210,G1533,G4456,GP313,G5211,G4948,G5059,GP302,G4913,G4753,G5219,GM258,G4452,G4811,G4914,G4949,G4464,G1683,G4854,G1431,G5212,G4449,59099,G1685,G4839,G4950,G1561,G1557,G1688,G4750,GM556,G5220,G4915,G1559,G5100,59106,G5204,G4959,G1696,G5218,G4458,G5120,G4833,GF403,G5207,G1562,G4717,GM257,GM552,G4455,GF405,GM262,G5104,GP444,GP308,G4711,G4862,G1637,G5132,G4754,GF406,GP448"
116.20,22.57,0.88,0.81,244,"59503,G5611,G5612,G1833,G1837,G1877,G1878,G5634,GV009,GN042,G9043,G2951,G9042,G2973,G9040,G8959,G5671,G5670,G9041,GN043,59511,G2972,G5633,G8947,GV003,G2904,G2976,G5631,G2977,G2955,59317,G8941,G1804,G8942,G1842,G2971,GV004,GV005,GV011,GV014,G9031,GV015,GN045,GV007,G8956,G8948,G2954,GV006,G8952,G9044,G5680,G8943,G1893,G2959,G8946,G8955,G2978,G5636,G2974,G5667,G5668,G1806,GV002,G8954,G2957,GV000,GV013,G8944,G9032,G1845,GV001,G1840,G8945,GV012,G1844,GN049,G5643,G1372,G1843,G2952,G2950,GV008,G8949,GV010,G1838,G1379,G2970,G2956,G2975,G5608,G1849,G2948,G8951,G5672,G5673,G5635,G1810,G8958,G1894,G8957,G1879,G8953,G1868,G2953,G1811,G5689,G5686,G1371,G5669,G5666,G8915,GN025,G1869,GV204,G9011,G8919,GN027,G1892,GN026,G8901,G1836,GD702,G1880,GV211,59502,GN029,GN044,GD701,G5620,G2944,G8908,GN028,G5632,G9020,G1801,G1342,G5618,G1834,G1377,G1378,GV212,G9012,G4111,GV214,G2987,G5626,G9018,G1374,G1822,GN034,G1870,G8910,G2902,G2983,G1805,G1873,GV210,GV201,G1373,G2945,G1375,G8907,G5607,GN048,G9019,G1344,G2981,G1832,G2942,GN046,G2949,G2943,G1808,G9016,G1346,G1317,G1376,GV205,G9015,G9013,G1875,G1847,GN032,GV203,GV213,G1819,G8906,GN047,G1341,GV218,G8905,GV207,G4146,G1807,GD401,G1347,G5616,G8904,GD410,GN023,G5640,GV217,G8903,GD402,G4147,G8917,G1318,GN024,G1835,G8902,G1853,GN031,G1827,G1841,GN018,G2947,G1848,G5624,G2982,GV206,GD407,G2980,G8911,GV215,GV209,GN020,G8914,G5629,G4141,G5690,GN041,GD408,G9014,GN021,GN019,GV216,G5622,G2946,G8916,59501,GD409,G1332,GV202,GN033"
116.20,23.43,0.88,0.81,668,"GV208,G8900,G2941,59314,G8916,G9021,G2946,GV202,GV311,G9022,G8913,G2903,G2985,G8928,G2965,G2986,G8911,GV302,G8903,G8917,G2984,GV219,G2938,G8912,GV207,GV218,G8964,G8924,GV216,G8914,GV215,GV315,G2947,G9017,GV103,GV307,GV206,G2922,G2912,G2943,G9015,GV217,G8965,GV203,G2962,G2992,G2961,G2942,G2982,GV205,G2949,G2926,G2906,G2925,GD405,GV201,G2913,G4148,G9016,GV308,GV210,G2927,GV101,G2983,G8910,G1347,G8922,G4146,G2987,G2908,G1345,G2937,G9002,G2940,GV105,G2909,G1376,G4147,G8905,G8967,G2934,GV304,G2997,GD403,G2930,GD404,G9018,G2921,G2905,G1340,G9020,G2928,G2944,G8907,GV303,G2910,G2924,G1378,GM752,GV211,G9012,GD402,GV104,G2907,G2980,G2936,G1663,GV214,GV301,G1373,G1316,G2911,GV305,GV209,G8963,GD406,G8961,59315,G9019,G8918,G2963,G8966,G8915,GV102,G8909,G1342,GV212,G8962,G8934,G8969,GV316,G2931,GM759,G2901,G2953,GV317,G8929,G2998,GV106,GD409,G9003,G2968,G8927,G8953,GD702,G1341,G2945,G5044,G2991,G9001,G8932,G1348,G8921,G1317,GV107,G2964,G8904,GD408,G2960,G2929,G8960,G9014,G2993,G5012,G2970,GV313,G8958,G1346,G8925,G8949,G8931,G2990,G5019,G1374,G9004,G8968,G2975,59306,G2920,G2966,GD701,GV310,GU012,G1379,G2923,G2939,G8919,G2994,G1343,G5015,G9000,G5140,59310,G8901,GV306,GV204,G2948,G2981,G2933,G1377,G5157,G1661,G8902,GU007,GU011,GV000,59318,G8954,GM751,G5139,GU029,G2813,GV010,G8926,G2974,G9032,G8933,G5016,G8936,GD410,G2812,GU014,G8945,G1371,G1372,GV309,G5043,G9011,G4141,G4111,G1382,G5045,G2820,G2826,GU032,GU005,G1302,GU035,G2805,GV213,G5037,G1318,GU009,G2959,G1375,GU030,GN035,G2935,G2819,G5011,GV312,G8908,GU001,G8935,G8952,G2827,GV002,G1383,GU008,G2902,G1869,G5630,G2825,GU018,G2824,GU027,G8943,G2952,G9031,G2801,GM760,GU039,G2806,GU006,GV004,G2978,GU015,G8944,G1884,GU016,GD407,G1385,G2823,G1386,GD201,GV001,GV012,G1894,G2955,G2967,GM756,GV015,G4190,G2884,59316,G2821,G9013,GU033,G1344,GM761,G8951,G8906,G2957,G8942,G1860,GM758,G2977,GU020,GM404,G8948,G1332,59317,GV003,G1323,G1641,G2808,G1306,G2956,G2932,GV008,G5142,GV005,G2882,G1610,G2976,G1305,G1324,G9041,G8923,GD401,G8941,G2829,GV314,GV011,G8956,GU017,G2810,G8955,G9040,G1308,G2904,G1850,G2887,G8947,G2973,GU002,G1355,G1838,GD510,G5629,GU038,G8957,G5125,GU022,GM407,G5130,G8959,GV014,G2807,G1648,GD505,59319,GU019,G2811,G1662,GD509,G9042,GU021,G1329,G1351,G1307,G2950,GU013,G1806,G1322,59512,G1321,G2972,G1358,G5156,G2954,G1840,G9043,G2828,G1893,G1802,GD511,59312,GU023,G5017,G5680,G1334,GV006,GD504,G2971,GV007,G1326,GN056,59511,G1359,G1660,G1612,GV009,G1320,GV013,GU010,G5615,G1664,GM403,G2951,GU036,G1853,G1852,G1875,GD508,G1862,G2880,G1667,G2816,G5632,G1327,G1328,G1646,GU025,G5612,G8946,G1352,GM261,G1399,G5679,GU026,GU000,GU037,G5633,G5131,G1833,G5042,GU004,GD513,G1870,G2822,G1325,G4102,G4101,GM409,G1357,G5634,GD503,GN026,G1844,GD507,G5013,G1874,G1849,GN044,G5613,G2885,G2818,G9044,GD502,G1614,G1836,GN055,GD501,GN042,G1842,G1311,G2817,GN050,GU024,G1319,G5148,G1666,G1356,59513,G1331,G1354,GN025,G1310,GD512,GU003,G1876,GN052,G1615,GN051,G1309,GM762,G4158,G4157,G5608,GN049,GU052,G1885,GU028,G5611,GN048,G5138,GM757,59503,G1632,G2802,G5141,G1848,GN053,G1832,G1861,GD506,59303,G1845,G1649,G5631,G2886,G1851,G5607,G1841,G1856,G1353,GN045,GM402,G4155,G4154,G5003,G1644,G5010,GU061,GM408,GM110,G1837,GN054,G5635,GN043,G5158,G5224,G5018,G2858,G2854,G1878,G1877,G1613,G2815,G4152,G4153,G2814,G4163,G5143,G5128,G5129,GM754,GM764,G2832,G1625,G1668,G1647,GD601,G2867,GU062,59502,G5692,GU034,G1361,G2834,G1642,G5636,G4828,G5106,GU031,G1804,GM115,G5628,G1892,G1835,G2845,G2843,G5626,G5614,GU057,GU064,GU072,G5667,G5668,GU074,G4161,G4162,GM406,G1865,G1569,GM763,GU058,59311,G1843,G5641,G1584,G1609,GM753,G2889,G5643,G1665,G2841,G2844,G2860,G2869,G2868,G1868,G1575,G1627,G1608,G1815,GM251,GU059,GU073,G2850,G1638,G5670,GP512,G5671,G1606,G1640,G5014,G5020,G2837,G1873,GP511,G1577,G2842,G2859,G1823,G1365,59324,GU056,G1881,G2870,GM004,G2831,GM116,GP501,G1657,G2857,GN046,GN041,GM755,GU055,G2840,G2873,59313,G5113,GM900,GM887,G5111,G1585,GM005,G1847,G2804,G1593,GL515,G2838,GM891,G1605,G2849,G5040,G5624,GD604,GU065,GN038,G1631,G1634,GM003,G5105,G1834"
116.20,24.29,0.89,0.81,515,"G5001,G1607,GM003,GM006,GM001,G5222,G1603,G5135,G1601,G1600,G1692,GM005,GM004,G1605,GM002,G5002,G1602,GM106,G1694,G1629,G1699,59117,G5134,G1606,GM105,G1695,G1608,GM882,GM883,GM755,G5022,G1627,G1620,G1622,G1690,GM107,GM108,GM764,GM109,GM754,G5005,G1604,G1623,GM116,G1618,G5004,G5028,GM110,G1655,GM654,G1619,G5020,G1628,G1617,GM115,G5021,G1626,G1671,G5010,G5023,GM886,GM762,G5213,G5018,GM757,G1625,G5026,G5014,G1631,G1624,G5031,G1691,GM101,GM112,GM111,G5013,G1681,G5047,G5036,GM119,G5143,GM252,G5030,G5053,GM885,GM887,G5034,GM113,GM894,GM656,G1676,G1668,G5003,G1686,G1664,GM655,G5052,GM651,G5006,G1666,G1660,G5103,GM891,GM652,G5017,G5209,G1665,GM121,G1651,G5032,G1673,G5009,GM102,G5008,59114,GM658,GM896,G1678,G5137,G5221,GM557,G5111,GM251,G5201,GM653,GM261,G5106,GM104,G1662,G5132,G5105,G5156,GM900,G5144,GM551,G5138,GM114,G1636,G5024,G5147,G1696,GM256,G1638,G1653,G5142,G5204,G5218,G5033,GM899,59106,GM884,G5124,G1632,GM120,G5007,G5120,GM552,G1672,GM103,GM262,G1635,GM260,GM254,GM761,G5121,G5104,G1697,G1667,G5109,G5136,GM893,G5050,GM758,GM881,G5113,G1677,G1657,G5125,GM118,G1685,G5048,G5049,G1683,G5126,G1675,G1633,G1637,G5207,G5037,G1630,G5219,G5011,59116,G5212,G5045,G5108,G5141,GM753,GM898,G5042,G5000,G5110,GM892,G5043,GM253,G1634,G5211,G5016,G5220,GM117,G5127,G1688,G1654,G5102,G1641,G5145,GM751,G1652,G1680,GM763,G5130,59310,G5140,G5054,G2814,G5205,G5155,G5046,G1644,G1670,G5015,G5157,GM556,G1682,GM756,GM888,G5146,G5035,G5100,G5122,G1658,G5059,GM889,G2817,59109,G1609,G5019,GU031,G1674,GM897,G5200,GM258,G5051,G2815,GU067,G5148,GM657,GM257,59303,G1649,GM406,GU000,G2811,G5012,GM760,GM555,GU034,G5208,G5139,G5057,G2838,G5224,G5101,GM890,G8960,G2880,G1612,GU063,G5152,G1645,G2993,G1684,GU002,G2855,G2802,G9001,GM401,G4812,GP440,G5210,GM404,G4949,G5044,G5055,G2820,G5056,G5214,GM659,G5058,GM255,GU036,GM553,GM759,GU055,GU004,G4954,G4917,G2818,G4950,GP468,GU027,G5107,G1562,G8962,G5131,G4948,G8961,G5027,GM554,G5133,G1640,G2810,G2850,G4840,GM895,G1650,GU003,G1663,G1687,G2851,G2804,G2819,G9003,G1656,G2833,G1533,GU074,G2886,G4907,G1534,G5206,GM259,G1661,GU028,G2871,G4914,G4922,G2921,G1615,GU029,G5217,G1610,GV104,GM752,GU013,G1532,GM407,GU006,G4951,GU073,G5128,G2997,GP456,G2924,GU001,G8927,G2964,GU053,G2901,G2852,GU005,GM409,G2816,G5123,G2889,GU054,G9002,GV102,G8929,G5040,G2928,G4717,G2927,G2998,G2857,G2827,G1563,G2830,GV316,GU061,G2994,G2930,G4923,GM410,GU022,G2966,GV105,G2905,G2926,G1611,G4714,G2992,GU020,GU021,G2807,GV106,59315,G1561,G4913,G4953,GM405,G2925,GU023,G2854,G4924,G2849,G2922,G2824,G2887,G2929,G4916,G2882,G2923,G2963,G4945,G4946,GU064,G2907,GU018,GP452,G4943,G2913,GV309,GU024,G8965,G4947,G4952,G2812,G8963,G2837,G4959,G2806,G8964,G1646,G2908,GV103,G8932,GU069,G4936,G4955,G2884,GV101,GU070,GV107,G4944,GU030,GP453,G2831,G2829,G2909,GU007,59312,G4908,G2848,G1568,G8968,GV219,G8912,G4929,G1613,G1566,G4811,GU019,GV308,G2912,G4912,GU025,G4939,GP424,GU071,G8921,GP449,G4841,G4712,G2885,G2938,G8922,GU008,G8967,G4921,G1648,G8928,G9022,G4941,GP408,G2985,G1560,G4711,G4911,G2826,G2911,G2858,GP476,G2931,GU038,GM408,G2933,G2990,G9021,G2906,G8966,G2962,G5041,G4937,GV315"
116.20,25.14,0.90,0.81,123,"G1674,GM659,G5035,G5206,G5217,G1687,G5210,GM657,GM556,G1670,G1675,G5059,GM555,GM554,G5136,G1688,G5220,G1677,G5058,G5133,G5000,G5207,G1672,G5033,G5123,G5214,GM117,G5121,GM553,G1678,G5137,GM653,59114,G1673,G5211,GM103,GM652,G1685,GM552,GM651,G1680,G5032,GM655,G1684,GM656,GM658,G5007,G1676,G5034,G5122,G5030,G5006,G5208,G5036,G1691,GM114,G5218,G1682,GM111,GM120,G5209,G5031,GM118,G1671,G1696,GM121,G5219,G5004,GM654,G1686,GM557,GM113,59106,G5204,G5046,GM893,GM112,G1624,G5024,G5221,G5028,GM119,GM892,G1683,G5005,G1681,G5132,G5120,G5050,G5213,GM108,GM107,G1656,GM105,GM896,G5023,G1622,G5212,G1619,G5134,G5008,G1617,GM262,GM104,GM886,GM551,G4944,G1654,G1618,G1699,GM259,G1628,G5104,G1620,G5002,GM106,G1690,G5049,G4905,G5047,G5200,GM006,G1626"
117.10,23.43,0.88,0.81,347,"G1363,GD602,G4191,GD604,G1313,G1312,G1314,G1315,G1367,59325,G1364,GD603,59324,G1365,59311,G4162,G4161,G1361,G2861,G2844,G2860,GD601,G2875,G2846,G2835,GU056,G4163,G2834,G2867,GU066,G2803,GU057,G2836,G2872,G2873,G4153,G4152,G4154,G4155,G2868,G2869,G1309,G4158,G4157,GD512,G1310,GU060,G1319,G1311,G2845,GD507,G1354,G1353,G4101,G4102,G2842,G2870,G1325,GD506,59313,G1357,G1356,G1352,GD508,GD513,GD501,GU068,G1320,G1327,G1328,G1331,G1359,GD502,GU072,GU062,G2841,G1321,G1358,G1322,G1326,GD503,G1307,G1329,59513,GU059,GD511,59512,GU058,G2832,59319,G2847,G2859,G1308,GU037,GU052,GU065,G1334,GD504,G1324,G1355,G2822,G1323,G2843,G1399,G1351,GD509,GU010,GD510,G1306,GD505,GU033,G1305,59316,G2858,GU026,G2828,G2823,GU016,GU051,G2808,G4190,GU017,G2885,G2840,GU039,G1385,G1386,G1383,G2801,GU025,G2853,GU015,GU038,GD201,G1382,GU019,59312,G1332,G2821,G1302,GU024,G2825,GU032,G2805,GU014,G2829,GU035,GD407,G2854,GD401,G2831,GU064,GU009,G2837,GU008,GU023,GU011,G2884,G2826,G2887,GU021,G2813,G2882,G2807,G4141,GU061,G9000,59318,G2806,G1318,G2848,GU022,G2920,GU030,GU020,G2816,GU018,G1344,GU071,G1343,G9004,GU012,G2824,GD410,G2849,G2812,GU007,G2889,GU028,GU070,G2857,G2990,GU013,G2886,G2827,GU003,G1348,G1375,GU069,G8968,GU073,G2991,GD408,GU074,G8969,G2923,G2818,GU006,G2810,G4111,GU005,GU001,GD409,GU004,G2850,G1316,GD406,GV107,GU036,G8966,G2994,G1346,G2929,G2802,G2819,G2804,G1341,G2911,G1317,G2830,G1377,GU029,G2910,G2880,G8957,G1374,GD403,GD404,GU027,GU002,GU055,GU000,G1340,GU034,GV106,G8963,G2815,GD402,G2817,G2811,G1345,GD701,G8951,GU031,G2851,G2956,G8967,59315,G2998,G2907,G4148,G2820,G2950,G1371,G4147,G2814,GD405,GV102,G2909,GV008,G2838,G2906,G2901,G1373,GV013,GM763,G1347,G2908,G4146,G2833,G9017,G1342,GV101,G1376,G2905,GU054,GM756,G2871,GU053,G5141,G8946,G2855,G9003,GV012,G2928,GV216,G9044,G2913,GD702,G2912,GM753,GV215,GU067,GV105,G2957,G2947,G2984,G2986,G9016,GV006,G1378,G1372,GU063,GV007,G1667,G2925,G8913,GV104,G2924,GV103,G9015,G1657,G8912,GV002,G5027,G1379,G2852,G5205,G5155,G2971,G2985,G8962,G8945,G8956,GV219,G2978,G1652,G2942,G2993,G9002,G5138,G8917,G2983,GV210,GV218,G2922,G9032"
117.10,24.29,0.89,0.81,235,"G2852,G1650,GM895,GU054,G5055,G5027,GU053,G5152,G2871,G5051,G2833,G5056,G5057,GM888,GM889,G5054,GU063,G2830,G5146,G2851,G2855,G5145,GM897,GM890,GU069,GU067,G5155,G5205,59116,G1652,GU070,G5048,G1658,GU071,GM898,GM881,G5200,G1697,G2838,G2804,G2848,GU055,G2849,G5147,G2857,G1653,GM899,G5144,GM884,G1654,G5049,G2850,G2853,GU073,G1656,G1657,G2831,G2889,GU051,G2837,GM763,GU074,G5201,GM753,GM900,GU031,G2840,GU034,G1651,G5052,G5050,GU064,GM891,GM885,G2847,GU065,G5053,GM894,GM892,G2815,G2814,G5046,GM896,G2859,GM887,G5047,G2854,G2886,G1665,GM893,GU061,G2802,GU068,G5026,G2843,GU059,G5024,GU028,GU058,G5141,GU003,G2841,GM118,59313,G1655,G2858,G2817,G5014,G2818,G2870,GU072,G2842,GM886,G2832,GU060,G1668,G1628,GU004,GU062,GM120,G5138,GU000,G1617,G5023,GU024,G2880,G1618,GM121,G1619,GM119,GU036,G5143,G2816,GM113,G5022,GM112,G2836,G2872,G2873,GU066,G1624,GU052,G2885,G1620,G2803,GM883,G2845,GM114,G2869,G2868,GM882,GU013,G1667,G2811,GM755,GU025,G5007,GU023,G2835,GU021,G1622,GU002,G5018,GU026,G2846,G2810,G2875,59312,G1666,G2807,GD506,G1353,G2822,G2861,GU022,GU056,GU057,GM103,GM002,G2887,G1331,GU019,GU037,G5028,G5010,GM111,G2828,G2882,GD502,G5006,G4153,G4152,GM117,GU010,GU020,GM001,G2829,G5002,GD503,GD501,G2834,GM757,G2860,G2844,G1356,GM756,GU006,GU038,G1606,GU027,G2867,G5134,GD504,G4154,G4155,G2884,GU001,G2819,G1354,G1351,G2827,GD509,G5000,GD505,G2824,G2806,GU017,GU018,GU005,GD513,G2820,G1662,GD603,G1364,G5030"
